1   06040475   1
1   01180202   2
1   05980963   3
1   05983579   4
1   05983563   5
1   01180204   6
1   05983562   7
1   05980958   8
1   01314066   9
1   05983568   10
1   01249873   11
1   01314067   12
1   05983585   13
1   06229338   14
1   06135804   15
1   01314069   16
1   05983567   17
1   05983583   18
1   06004214   19
1   01314056   20
1   01283008   21
1   06229345   22
1   01314064   23
1   06229336   24
1   01180205   25
1   01314072   26
1   05983617   27
1   05983578   28
1   01283007   29
1   05983565   30
1   01441474   31
1   06004277   32
1   01314046   33
1   06004279   34
1   05983576   35
1   06004202   36
1   06004006   37
1   05983630   38
1   01283009   39
1   01249833   40
1   01315295   41
1   06004211   42
1   01322238   43
1   01314047   44
1   01314059   45
1   01314062   46
1   05983587   47
1   05983590   48
1   01314071   49
1   06004213   50
1   00938264   51
1   01468785   52
1   01322243   53
1   01315451   54
1   01283005   55
1   05983566   56
1   01283003   57
1   05983580   58
1   00642068   59
1   01315456   60
1   00938270   61
1   01314050   62
1   01322231   63
1   01322236   64
1   06189760   65
1   05983560   66
1   06189759   67
1   01315462   68
1   01171267   69
1   01441472   70
1   01314051   71
1   01314053   72
1   01315455   73
1   05983582   74
1   05983622   75
1   01315293   76
1   06229318   77
1   05983620   78
1   01315343   79
1   05983629   80
1   00757402   81
1   06229317   82
1   01314049   83
1   01315289   84
1   01315454   85
1   00938266   86
1   01315299   87
1   01315461   88
1   01315341   89
1   01314041   90
1   01171063   91
1   06189758   92
1   00938252   93
1   01322225   94
1   01171264   95
1   01322217   96
1   00938251   97
1   01315449   98
1   05960161   99
1   01322220   100
2   01491205   1
2   01030882   2
2   00607619   3
2   00656235   4
2   00613528   5
2   00613530   6
2   00613523   7
2   00613527   8
2   00613516   9
2   00874111   10
2   00656234   11
2   06263061   12
2   01030883   13
2   00873710   14
2   01030889   15
2   00656233   16
2   00088169   17
2   00613520   18
2   00597319   19
2   01059060   20
2   06263060   21
2   06263149   22
2   00654354   23
2   00656360   24
2   00603460   25
2   00873484   26
2   00613518   27
2   01030881   28
2   01059063   29
2   06263062   30
2   06262975   31
2   00597326   32
2   00836879   33
2   00088165   34
2   00658338   35
2   00873667   36
2   01096348   37
2   00656240   38
2   06263122   39
2   06263120   40
2   01210915   41
2   00860686   42
2   01030880   43
2   01210916   44
2   00873743   45
2   00658337   46
2   01059038   47
2   01030884   48
2   06263118   49
2   01520999   50
2   00860687   51
2   01181554   52
2   00873723   53
2   00603441   54
2   00654355   55
2   06263063   56
2   06263064   57
2   00603446   58
2   00836918   59
2   00874110   60
2   06262543   61
2   06263107   62
2   00594392   63
2   00654356   64
2   01059059   65
2   06263153   66
2   06263106   67
2   00597341   68
2   00603423   69
2   01181555   70
2   06262591   71
2   06263151   72
2   00603448   73
2   06263104   74
2   00699161   75
2   01181563   76
2   06262972   77
2   00654357   78
2   00603452   79
2   00873703   80
2   00699164   81
2   00603426   82
2   06262977   83
2   00603447   84
2   00603430   85
2   06263108   86
2   00603456   87
2   00603457   88
2   06262982   89
2   01210917   90
2   00603436   91
2   06263109   92
2   00603469   93
2   05847471   94
2   00603420   95
2   01096349   96
2   00617674   97
2   00603439   98
2   00603425   99
2   00603437   100
3   00001309   1
3   00001307   2
3   00129827   3
3   01383784   4
3   01216139   5
3   00001299   6
3   08971336   7
3   00001300   8
3   00107880   9
3   01374515   10
3   00114870   11
3   01236229   12
3   01374534   13
3   01374510   14
3   00114874   15
3   00114871   16
3   08970895   17
3   00001311   18
3   01236228   19
3   00081103   20
3   00114877   21
3   06278939   22
3   00069339   23
3   00113055   24
3   00001310   25
3   00001308   26
3   08971337   27
3   00111941   28
3   00707888   29
3   00134551   30
3   01374511   31
3   06187514   32
3   06278943   33
3   00134550   34
3   01374529   35
3   00114878   36
3   08972323   37
3   00129828   38
3   06187533   39
3   01470137   40
3   06278935   41
3   00114144   42
3   01374530   43
3   00114875   44
3   08973484   45
3   01374533   46
3   00064248   47
3   01043807   48
3   06187516   49
3   06278933   50
3   00707901   51
3   00058211   52
3   08964910   53
3   00151650   54
3   01182659   55
3   00134547   56
3   06098906   57
3   00081105   58
3   00066456   59
3   08971289   60
3   00069340   61
3   00114869   62
3   06187545   63
3   00135390   64
3   01374546   65
3   08972034   66
3   00135397   67
3   00063492   68
3   06098904   69
3   01374548   70
3   08972078   71
3   00126746   72
3   00086626   73
3   06098908   74
3   01470134   75
3   08972322   76
3   00132993   77
3   00086631   78
3   06187550   79
3   00151649   80
3   08946126   81
3   00134546   82
3   06098902   83
3   06187517   84
3   06278957   85
3   08971287   86
3   06098912   87
3   00144617   88
3   06187553   89
3   01383779   90
3   06263198   91
3   00114873   92
3   06187537   93
3   01374552   94
3   01043809   95
3   00707890   96
3   06098910   97
3   06098900   98
3   06187520   99
3   06187539   100
4   08966736   1
4   06120065   2
4   06124084   3
4   06124077   4
4   08966258   5
4   08968890   6
4   00681424   7
4   08967219   8
4   06125264   9
4   06125263   10
4   08966216   11
4   06127107   12
4   00134670   13
4   06127029   14
4   08966212   15
4   06125235   16
4   05857469   17
4   08966248   18
4   05857465   19
4   06125258   20
4   06124089   21
4   06124899   22
4   05857466   23
4   06124076   24
4   06124090   25
4   06124082   26
4   06125256   27
4   08967716   28
4   06124672   29
4   06124871   30
4   05857470   31
4   00669833   32
4   06124670   33
4   06125254   34
4   06124088   35
4   00134671   36
4   01412136   37
4   08971740   38
4   00681422   39
4   06126475   40
4   00681425   41
4   00669873   42
4   06124902   43
4   06126507   44
4   08971738   45
4   06127113   46
4   08971741   47
4   06124904   48
4   06127102   49
4   00681420   50
4   00669876   51
4   05857474   52
4   06120126   53
4   00681423   54
4   06127122   55
4   01114995   56
4   06125249   57
4   06125260   58
4   00681421   59
4   06124668   60
4   06126517   61
4   06126473   62
4   06124667   63
4   06126628   64
4   00669853   65
4   06124951   66
4   06126541   67
4   06124908   68
4   08971739   69
4   00134673   70
4   00006741   71
4   05857463   72
4   06125251   73
4   05857473   74
4   06124666   75
4   00604538   76
4   06124178   77
4   01324188   78
4   06126542   79
4   05857468   80
4   06124182   81
4   00768761   82
4   06127100   83
4   00768742   84
4   06124188   85
4   06126513   86
4   01412135   87
4   00669856   88
4   06124184   89
4   01412138   90
4   00669852   91
4   06124181   92
4   06124190   93
4   06124195   94
4   00669875   95
4   01412139   96
4   00696154   97
4   08971311   98
4   00669832   99
4   00644415   100
5   08965736   1
5   00067874   2
5   01256380   3
5   01248407   4
5   01256379   5
5   08972379   6
5   06273304   7
5   01225468   8
5   01252355   9
5   06273298   10
5   06189940   11
5   00794607   12
5   01016521   13
5   01248405   14
5   06204031   15
5   01256429   16
5   06189942   17
5   06189950   18
5   01255513   19
5   01225461   20
5   06189941   21
5   01147722   22
5   01207166   23
5   01225488   24
5   01414265   25
5   06273299   26
5   06189928   27
5   06273296   28
5   01225491   29
5   06273305   30
5   06189945   31
5   00794600   32
5   01015878   33
5   01225490   34
5   06204027   35
5   01279060   36
5   05976381   37
5   01256452   38
5   06273300   39
5   01414260   40
5   06189946   41
5   01016517   42
5   06203713   43
5   06203714   44
5   06203718   45
5   06204020   46
5   01225441   47
5   06204018   48
5   00067875   49
5   00630159   50
5   06203712   51
5   01025335   52
5   06204109   53
5   06204022   54
5   06189951   55
5   06204107   56
5   05998103   57
5   01147775   58
5   06272935   59
5   01016556   60
5   00795279   61
5   06204014   62
5   01414264   63
5   00095432   64
5   05998102   65
5   01207169   66
5   00070937   67
5   00925765   68
5   00701403   69
5   01025338   70
5   00701425   71
5   00129993   72
5   06204016   73
5   01207170   74
5   06203716   75
5   01135949   76
5   00103586   77
5   01016516   78
5   01225460   79
5   06204028   80
5   00140212   81
5   01147667   82
5   00666961   83
5   00701423   84
5   01085883   85
5   00933214   86
5   00692986   87
5   01016557   88
5   00715668   89
5   00701404   90
5   00933216   91
5   00803942   92
5   01016520   93
5   01225458   94
5   00769460   95
5   00794602   96
5   01135963   97
5   00801353   98
5   01225459   99
5   01085889   100
6   06133842   1
6   05983558   2
6   05983587   3
6   06293070   4
6   01012490   5
6   05983578   6
6   06256974   7
6   06292802   8
6   05983559   9
6   05983579   10
6   06257037   11
6   01343808   12
6   05983576   13
6   05983585   14
6   06293057   15
6   05983561   16
6   01012491   17
6   06292808   18
6   05983583   19
6   06256969   20
6   06292801   21
6   05983564   22
6   06293076   23
6   05983590   24
6   05983582   25
6   01281302   26
6   01281301   27
6   01343894   28
6   06256970   29
6   06257045   30
6   06293054   31
6   06256968   32
6   06293073   33
6   00610497   34
6   01281476   35
7   08967942   1
7   06209646   2
7   06209651   3
7   06241324   4
7   06209644   5
7   06238580   6
7   06209648   7
7   06209643   8
7   06209637   9
7   06238583   10
7   06238584   11
7   06209639   12
7   01363462   13
7   06241496   14
7   06209645   15
7   06238582   16
7   00664426   17
7   01173584   18
7   06209632   19
7   06209633   20
7   06017969   21
7   00995744   22
7   01364943   23
7   06241419   24
7   06209649   25
7   01363458   26
7   00943044   27
7   06241334   28
7   01033525   29
7   06209636   30
7   06241420   31
7   01364941   32
7   01363454   33
7   06241426   34
7   06209638   35
7   00995745   36
7   06241427   37
7   00127749   38
7   06241437   39
7   06209647   40
7   06241333   41
7   06209667   42
7   01364966   43
7   06241429   44
7   06241464   45
7   01364243   46
7   00664423   47
7   06241330   48
7   00727527   49
7   06209641   50
7   01173586   51
7   00727532   52
7   01363498   53
7   06241320   54
7   06241423   55
7   00995746   56
7   01019968   57
7   06039391   58
7   05998474   59
7   06209656   60
7   06299287   61
7   01184368   62
7   00843786   63
7   01205142   64
7   05998516   65
7   00727529   66
7   00794449   67
7   06039401   68
7   06209642   69
7   01001839   70
7   00120333   71
7   01205147   72
7   01001838   73
7   06039386   74
7   06241352   75
7   01017998   76
7   06209634   77
7   01205150   78
7   01018015   79
7   01205148   80
7   00794450   81
7   01363457   82
7   00628029   83
7   00689024   84
7   00794431   85
7   00120243   86
7   01363461   87
7   01205306   88
7   00120335   89
7   01205145   90
7   06209669   91
7   00628030   92
7   00664425   93
7   01205266   94
7   00995747   95
7   01205140   96
7   01364964   97
7   01205312   98
7   01184203   99
7   01205144   100
8   00944359   1
8   00014895   2
8   08971310   3
8   06208799   4
8   08970265   5
8   08974414   6
8   08974415   7
8   00690514   8
8   06209286   9
8   08946371   10
8   01060743   11
8   00944408   12
8   08970857   13
8   00115579   14
8   08974520   15
8   08974416   16
8   08969168   17
8   00944361   18
8   06209284   19
8   06209251   20
8   00142890   21
8   00115582   22
8   08974422   23
8   01060742   24
8   08968095   25
8   08974417   26
8   08964765   27
8   00944406   28
8   00944363   29
8   01330493   30
8   00149433   31
8   00014888   32
8   08974413   33
8   01060741   34
8   08970859   35
8   08966344   36
8   08974420   37
8   01060744   38
8   06209249   39
8   00115580   40
8   01164058   41
8   00142879   42
8   08974467   43
8   01060745   44
8   08968034   45
8   08974423   46
8   06209290   47
8   00944364   48
8   00944405   49
8   00014898   50
8   06208763   51
8   00014897   52
8   08969167   53
8   08974421   54
8   00944360   55
8   01134828   56
8   06209264   57
8   00099888   58
8   06208767   59
8   00729240   60
8   08967592   61
8   08974518   62
8   00944365   63
8   00944407   64
8   00115581   65
8   06208757   66
8   08974418   67
8   08974522   68
8   00944404   69
8   06209256   70
8   00135289   71
8   06208779   72
8   08974470   73
8   08974523   74
8   00729242   75
8   01164063   76
8   00149432   77
8   06208759   78
8   08965337   79
8   08974519   80
8   01134550   81
8   00141056   82
8   00142903   83
8   00145014   84
8   08974521   85
8   01164061   86
8   01134548   87
8   01164057   88
8   01134547   89
8   08971714   90
8   00142881   91
8   00729241   92
8   06208793   93
8   01164065   94
8   00142916   95
8   01134647   96
8   00944409   97
8   01134549   98
8   00099889   99
8   00691041   100
9   06203055   1
9   06002189   2
9   06002195   3
9   06002210   4
9   06002208   5
9   06002214   6
9   06202930   7
9   06002203   8
9   06002185   9
9   06002206   10
9   01246160   11
9   05833224   12
9   06202942   13
9   06203019   14
9   06203014   15
9   06002201   16
9   06202925   17
9   06002205   18
9   06002190   19
9   06203028   20
9   05856459   21
9   06203033   22
9   01229028   23
9   06202956   24
9   06202918   25
9   06002207   26
9   06026965   27
9   05857171   28
9   06002199   29
9   06202938   30
9   01328578   31
9   06203009   32
9   06026728   33
9   06203058   34
9   06202991   35
9   06203004   36
9   01074783   37
9   05852051   38
9   06002194   39
9   05879165   40
9   01328557   41
9   05833225   42
9   06102159   43
9   00658540   44
9   06203000   45
9   05856462   46
9   06026936   47
9   01074819   48
9   00854555   49
9   05857158   50
9   06078661   51
9   05856454   52
9   05997966   53
9   05856461   54
9   06203070   55
9   06102156   56
9   00146394   57
9   06142286   58
9   05857214   59
9   01074784   60
9   05852048   61
9   06026769   62
9   05856467   63
9   06202934   64
9   00151407   65
9   00148953   66
9   06070278   67
9   06027341   68
9   06102986   69
9   06004254   70
9   06103889   71
9   05856456   72
9   01074818   73
9   00148954   74
9   06142288   75
9   00148707   76
9   01338648   77
9   06026946   78
9   01343933   79
9   06026972   80
9   05852025   81
9   05852031   82
9   01411473   83
9   06102686   84
9   01343964   85
9   01025986   86
9   01025985   87
9   01074785   88
9   06104006   89
9   00854557   90
9   01074782   91
9   01246154   92
9   05856464   93
9   05852037   94
9   05856658   95
9   01328560   96
9   05852033   97
9   05852041   98
9   00854560   99
9   06102893   100
10   06152144   1
10   06152783   2
10   06152767   3
10   01398972   4
10   05821590   5
10   00672941   6
10   05998468   7
10   06152780   8
10   06039579   9
10   01442523   10
10   06152145   11
10   06152787   12
10   01442527   13
10   00673035   14
10   06039578   15
10   06152785   16
10   06152765   17
10   00673766   18
10   06152149   19
10   06152764   20
10   01442631   21
10   05998448   22
10   06152781   23
10   00673763   24
10   00673761   25
10   06152786   26
10   05821703   27
10   05821701   28
10   00673765   29
10   01442528   30
10   01359958   31
10   00673771   32
10   00673772   33
10   01359961   34
10   01359964   35
11   00081813   1
11   00119617   2
11   00104992   3
11   00079672   4
11   00838386   5
11   06116136   6
11   00107833   7
11   01401582   8
11   00114919   9
11   00115316   10
11   00082318   11
11   00114355   12
11   00994265   13
11   00080517   14
11   00083044   15
11   00114451   16
11   00118674   17
11   00781592   18
11   00114469   19
11   00080780   20
11   00083184   21
11   00104354   22
11   00115069   23
11   00080494   24
11   00083048   25
11   08967915   26
11   00115256   27
11   00781669   28
11   00082710   29
11   00079356   30
11   00107832   31
11   00115257   32
11   00113756   33
11   00115289   34
11   08963048   35
11   00117960   36
11   00118430   37
11   00118509   38
11   08946407   39
11   00119610   40
11   01401623   41
11   00823565   42
11   08968019   43
11   00108561   44
11   00114917   45
11   00781674   46
11   00119698   47
11   00101032   48
11   00082958   49
11   00115082   50
11   00079399   51
11   00854745   52
11   00079116   53
11   00106338   54
11   00117313   55
11   00104433   56
11   00117317   57
11   00115272   58
11   00119016   59
11   00115265   60
11   00079689   61
11   00854747   62
11   00082707   63
11   00114416   64
11   00854746   65
11   00079396   66
11   01401502   67
11   00115322   68
11   00113303   69
11   00118479   70
11   00078871   71
11   00116600   72
11   00114607   73
11   00114075   74
11   00092058   75
11   00117242   76
11   00081028   77
11   00114245   78
11   00660767   79
11   00117699   80
11   00113914   81
11   00114912   82
11   00124414   83
11   00009945   84
11   00726306   85
11   00117823   86
11   00118496   87
11   00081004   88
11   00114905   89
11   00119308   90
11   01401500   91
11   00105261   92
11   00112418   93
11   00119601   94
11   00118453   95
11   00118540   96
11   00080788   97
11   00104449   98
11   00081019   99
11   00082712   100
12   00134688   1
12   00134798   2
12   00141399   3
12   00063488   4
12   00085665   5
12   00122789   6
12   00134693   7
12   00085275   8
12   00014206   9
12   00072067   10
12   00014919   11
12   00058459   12
12   00141417   13
12   00084943   14
12   00008708   15
12   00134679   16
12   00085051   17
12   00107722   18
12   00014945   19
12   00086194   20
12   00008678   21
12   00058451   22
12   00141118   23
12   00058793   24
12   00065773   25
12   00134710   26
12   00069306   27
12   00058745   28
12   00075922   29
12   00008713   30
12   00112397   31
12   00078444   32
12   00102833   33
12   00065724   34
12   00011051   35
12   00112423   36
12   00069119   37
12   00061636   38
12   00069121   39
12   00143001   40
12   00075916   41
12   00058690   42
12   00141687   43
12   00073079   44
12   00013847   45
12   00122917   46
12   00073098   47
12   00058979   48
12   00120758   49
12   00069157   50
12   00061739   51
12   00010044   52
12   00085612   53
12   00122630   54
12   00141546   55
12   00065718   56
12   00061275   57
12   00141415   58
12   00078421   59
12   00121931   60
12   00085452   61
12   00058576   62
12   00141576   63
12   00069130   64
12   00065092   65
12   00011060   66
12   00065156   67
12   00077107   68
12   00058564   69
12   00085382   70
12   00075220   71
12   00082991   72
12   00058653   73
12   00058758   74
12   00058638   75
12   00075504   76
12   00069307   77
12   00065041   78
12   00058395   79
12   00084726   80
12   00058783   81
12   00065161   82
12   00085577   83
12   00069160   84
12   00058778   85
12   00058623   86
12   00075907   87
12   00075975   88
12   00008279   89
12   00065621   90
12   00061736   91
12   00085599   92
12   00058626   93
12   00069127   94
12   00058697   95
12   00085575   96
12   00077093   97
12   00058589   98
12   00058614   99
12   00058540   100
13   08974263   1
13   08974272   2
13   08974145   3
13   08969668   4
13   08974143   5
13   08974454   6
13   08969489   7
13   08974455   8
13   08974268   9
13   08946846   10
13   08965970   11
13   08972025   12
13   08967004   13
13   08974259   14
13   08974144   15
13   08974273   16
13   08974270   17
13   08974142   18
13   08974253   19
13   00070766   20
13   08974140   21
13   08974137   22
13   08965931   23
13   08965560   24
13   08974266   25
13   08946849   26
13   08974269   27
13   08972026   28
13   08965547   29
13   08972332   30
13   08974252   31
13   08974146   32
13   08972071   33
13   08969619   34
13   08965519   35
13   00067970   36
13   01132324   37
13   08967533   38
13   08966907   39
13   08964953   40
13   08972329   41
13   08963337   42
13   08974254   43
13   01132326   44
13   08969574   45
13   08966978   46
13   08974275   47
13   08967930   48
13   08970314   49
13   08969640   50
13   01132327   51
13   08965520   52
13   08965442   53
13   08969709   54
13   01132325   55
13   08970225   56
13   01132329   57
13   08967535   58
13   08968038   59
13   08967970   60
13   00113857   61
13   01132322   62
13   08974247   63
13   08973880   64
13   08970199   65
13   08966917   66
13   00067969   67
13   08974242   68
13   08974074   69
13   08970197   70
13   08965429   71
13   00070760   72
13   08974243   73
13   08966440   74
13   08965535   75
13   08972415   76
13   08965980   77
13   08969634   78
13   08974136   79
13   08973562   80
13   08973586   81
13   08965507   82
13   08974138   83
13   08969566   84
13   08971626   85
13   08974255   86
13   08970179   87
13   08965495   88
13   08967033   89
13   08965045   90
13   08970316   91
13   08946589   92
13   08969617   93
13   08969616   94
13   08973749   95
13   08972411   96
13   08966040   97
13   08965513   98
13   08969065   99
13   08973797   100
14   08969725   1
14   00979535   2
14   08970938   3
14   08970403   4
14   08970573   5
14   08971098   6
14   08969212   7
14   08969782   8
14   08966574   9
14   08966577   10
14   08969731   11
14   08967634   12
14   08969279   13
14   08969277   14
14   08969735   15
14   08968078   16
14   08970365   17
14   08966642   18
14   08969303   19
14   08970402   20
14   00702601   21
14   08970436   22
14   08969335   23
14   08969269   24
14   08970429   25
14   08969723   26
14   08969301   27
14   08969238   28
14   08970580   29
14   08970414   30
14   08962866   31
14   08969733   32
14   08970431   33
14   08970367   34
14   08966555   35
14   08969298   36
14   00980263   37
14   08970358   38
14   08970409   39
14   08969730   40
14   08969229   41
14   08969272   42
14   08967341   43
14   08966576   44
14   08970440   45
14   08970582   46
14   08970407   47
14   08970363   48
14   08969726   49
14   08969287   50
14   08969250   51
14   08969337   52
14   08970417   53
14   08970957   54
14   08970955   55
14   08969271   56
14   08966556   57
14   08969793   58
14   08970394   59
14   08969275   60
14   08969728   61
14   08970391   62
14   08970443   63
14   08966557   64
14   08969332   65
14   08969285   66
14   08970410   67
14   08969217   68
14   08968204   69
14   08970396   70
14   08969256   71
14   08967502   72
14   08970936   73
14   08970471   74
14   08969737   75
14   08969795   76
14   08967824   77
14   08970476   78
14   08969254   79
14   08945846   80
14   08970400   81
14   08970405   82
14   08969809   83
14   08969247   84
14   08963222   85
14   08966595   86
14   08969218   87
14   08967688   88
14   01290061   89
14   08970433   90
14   08969791   91
14   08967691   92
14   08970425   93
14   08969268   94
14   08969245   95
14   08969249   96
14   08969797   97
14   08967638   98
14   08966637   99
14   08965708   100
15   06178521   1
15   01252832   2
15   01125184   3
15   00150523   4
15   00980274   5
15   00979568   6
15   01123209   7
15   00144252   8
15   01126038   9
15   00980271   10
15   06178522   11
15   00643045   12
15   00147756   13
15   00698004   14
15   00980264   15
15   00980023   16
15   00918017   17
15   05858281   18
15   00008858   19
15   00081651   20
15   00914644   21
15   00643061   22
15   00918020   23
15   00141150   24
15   00980243   25
15   00980005   26
15   01252020   27
15   00995449   28
15   00081649   29
15   00008855   30
15   01254130   31
15   00059812   32
15   00632126   33
15   06178529   34
15   00980250   35
15   00071171   36
15   01125134   37
15   06178527   38
15   05858271   39
15   05858200   40
15   00776135   41
15   00101268   42
15   00632127   43
15   00698007   44
15   00130771   45
15   00008856   46
15   01254279   47
15   00129401   48
15   00008860   49
15   08967708   50
15   01250570   51
15   01253108   52
15   01250798   53
15   00918047   54
15   00698013   55
15   00980268   56
15   00912724   57
15   00698012   58
15   01012766   59
15   00632180   60
15   01253898   61
15   00122510   62
15   00645992   63
15   01193005   64
15   00912943   65
15   00623946   66
15   00093074   67
15   01252888   68
15   00151216   69
15   00980246   70
15   01028834   71
15   00645288   72
15   00130767   73
15   00144698   74
15   01125136   75
15   00593972   76
15   01032566   77
15   08969497   78
15   00008771   79
15   01254068   80
15   01249946   81
15   01123207   82
15   01225210   83
15   01158918   84
15   01254132   85
15   01125183   86
15   01012765   87
15   00776134   88
15   00912544   89
15   01254760   90
15   00912945   91
15   00645097   92
15   01254276   93
15   01152084   94
15   00950748   95
15   01252911   96
15   01033583   97
15   01254136   98
15   00646989   99
15   00074498   100
16   08968176   1
16   08969820   2
16   00140750   3
16   08969823   4
16   08967603   5
16   08969390   6
16   08965230   7
16   08969752   8
16   00111061   9
16   08965947   10
16   08966633   11
16   08969818   12
16   00905989   13
16   08966030   14
16   08966174   15
16   08965875   16
16   08969646   17
16   00140748   18
16   08968173   19
16   08967589   20
16   08970463   21
16   08965952   22
16   00106045   23
16   08966146   24
16   08967396   25
16   08963283   26
16   00977324   27
16   08968167   28
16   08967605   29
16   00014949   30
16   08966293   31
16   08946865   32
16   00082894   33
16   08964824   34
16   00105593   35
16   08964837   36
16   08969749   37
16   00076456   38
16   08963281   39
16   08970975   40
16   08966126   41
16   08970448   42
16   08969314   43
16   08968162   44
16   08970457   45
16   08967576   46
16   08968157   47
16   08946034   48
16   08970983   49
16   08966855   50
16   08969328   51
16   08964825   52
16   08967665   53
16   08967449   54
16   08970452   55
16   08968169   56
16   08966144   57
16   08945937   58
16   08966140   59
16   08967144   60
16   08966811   61
16   08969845   62
16   08969867   63
16   08945869   64
16   08966550   65
16   08968156   66
16   08969825   67
16   08964829   68
16   08969386   69
16   08969907   70
16   08969326   71
16   08968994   72
16   08963280   73
16   08964832   74
16   08966303   75
16   08964838   76
16   08970977   77
16   08964834   78
16   08964839   79
16   08969834   80
16   08946506   81
16   08967214   82
16   08964826   83
16   08966790   84
16   08966635   85
16   08968160   86
16   08967672   87
16   08968164   88
16   08945941   89
16   08945939   90
16   08964836   91
16   08967710   92
16   08966998   93
16   00007850   94
16   08969859   95
16   00896408   96
16   08970974   97
16   08945935   98
16   08970924   99
16   08968165   100
17   06240383   1
17   01244109   2
17   06240350   3
17   06238248   4
17   01244172   5
17   01244091   6
17   06240422   7
17   06240846   8
17   06240315   9
17   01244068   10
17   06282499   11
17   01244055   12
17   06240351   13
17   06240286   14
17   06240408   15
17   06238249   16
17   06240534   17
17   06238250   18
17   06240276   19
17   06240399   20
17   06282625   21
17   01237530   22
17   06240378   23
17   01281564   24
17   06240380   25
17   06222294   26
17   06240536   27
17   06238344   28
17   06238252   29
17   06289013   30
17   06238346   31
17   05980724   32
17   06240410   33
17   06222274   34
17   01281604   35
17   06238254   36
17   06238240   37
17   01068179   38
17   01237513   39
17   06240255   40
17   06288875   41
17   01244069   42
17   06222297   43
17   00910130   44
17   06024768   45
17   06222295   46
17   00744313   47
17   00910165   48
17   06240247   49
17   01281567   50
17   06238237   51
17   06294524   52
17   00910094   53
17   01237514   54
17   01244169   55
17   01136890   56
17   01281560   57
17   06240243   58
17   00910234   59
17   06294590   60
17   05980723   61
17   01281632   62
17   06222275   63
17   01187256   64
17   01186009   65
17   01281571   66
17   00744320   67
17   00910232   68
17   01244248   69
17   01184507   70
17   01281619   71
17   06238253   72
17   00744484   73
17   00744483   74
17   01068212   75
17   00744283   76
17   01137074   77
17   01244070   78
17   06238229   79
17   00744527   80
17   06282670   81
17   01283439   82
17   01068210   83
17   06222300   84
17   01237515   85
17   06222281   86
17   06238228   87
17   06282543   88
17   01281642   89
17   01068221   90
17   00910117   91
17   00907048   92
17   00910247   93
17   00910124   94
17   01281638   95
17   00907047   96
17   01027239   97
17   01281558   98
17   01027276   99
17   01244053   100
18   00110280   1
18   08963211   2
18   00110278   3
18   00609222   4
18   00110273   5
18   01296414   6
18   08946978   7
18   00110245   8
18   00110282   9
18   01296492   10
18   01296405   11
18   01296500   12
18   01294635   13
18   01200488   14
18   01296359   15
18   00951023   16
18   01296394   17
18   01296475   18
18   00110268   19
18   01296480   20
18   00065540   21
18   00823912   22
18   00110256   23
18   01295003   24
18   01296372   25
18   01294644   26
18   01296423   27
18   00951131   28
18   01296489   29
18   01296375   30
18   01296357   31
18   01296350   32
18   01294649   33
18   01294648   34
18   01294641   35
18   00616345   36
18   01296404   37
18   01296399   38
18   00066933   39
18   01296395   40
18   01296486   41
18   00951022   42
18   01296496   43
18   00683158   44
18   00951106   45
18   01296448   46
18   00823094   47
18   00065532   48
18   01296361   49
18   01294636   50
18   00065933   51
18   01296428   52
18   01295957   53
18   00064955   54
18   01296455   55
18   01296351   56
18   00066907   57
18   00910525   58
18   01296378   59
18   00110253   60
18   01296381   61
18   01296507   62
18   01296483   63
18   01296391   64
18   00110919   65
18   01296418   66
18   01260559   67
18   00064970   68
18   00951103   69
18   01296352   70
18   01294653   71
18   01296420   72
18   00063449   73
18   01206914   74
18   01296370   75
18   01296419   76
18   01296401   77
18   00110252   78
18   00110286   79
18   01296472   80
18   01294639   81
18   01415140   82
18   01296505   83
18   01295954   84
18   00110258   85
18   00681883   86
18   01296409   87
18   01410428   88
18   01295955   89
18   01364294   90
18   08969965   91
18   01296426   92
18   00063674   93
18   01415300   94
18   00771418   95
18   00110265   96
18   00064954   97
18   01296362   98
18   01027334   99
18   00063405   100
19   05846006   1
19   00946612   2
19   01350515   3
19   05845905   4
19   01151948   5
19   01176906   6
19   01151949   7
19   00594704   8
19   01088388   9
19   01310981   10
19   01377266   11
19   00946613   12
19   01310982   13
19   05846010   14
19   00594706   15
19   01311370   16
19   01333885   17
19   01311010   18
19   00946627   19
19   01311005   20
19   01377267   21
19   01310972   22
19   00946616   23
19   00925656   24
19   00594705   25
19   05949102   26
19   05846009   27
19   00961871   28
19   05845909   29
19   05845903   30
19   05845912   31
19   06141428   32
19   01311013   33
19   01184193   34
19   00961866   35
19   05964786   36
19   05845911   37
19   01311016   38
19   05846007   39
19   05845907   40
19   05845914   41
19   00650479   42
19   05964789   43
19   00732126   44
19   01311014   45
19   01151946   46
19   05845908   47
19   01311006   48
19   01184188   49
19   00816993   50
19   05845910   51
19   00650472   52
19   06141432   53
19   00649080   54
19   05845906   55
19   00659470   56
19   01371600   57
19   05846013   58
19   01184189   59
19   00650477   60
19   00722940   61
19   05845904   62
19   00760703   63
19   05846012   64
19   00649076   65
19   01184192   66
19   00732124   67
19   00664944   68
19   00650474   69
19   05846011   70
19   00760704   71
19   05846014   72
19   00659473   73
19   01184191   74
19   00760670   75
19   00650499   76
19   00650502   77
19   01184186   78
19   05846015   79
19   00649077   80
19   01184194   81
19   00650480   82
19   00650476   83
19   01151950   84
19   00650497   85
19   01184184   86
19   00678796   87
19   00732125   88
19   00651139   89
19   00650495   90
19   00678798   91
19   00650478   92
19   00649078   93
19   00650473   94
19   00727721   95
19   00675580   96
19   00760669   97
19   00664937   98
19   00760672   99
19   00650494   100
20   01345938   1
20   08970528   2
20   00983372   3
20   00623653   4
20   00623665   5
20   00623654   6
20   00102469   7
20   00102468   8
20   00623668   9
20   00623660   10
20   01214625   11
20   00834372   12
20   00983364   13
20   00623645   14
20   00623657   15
20   00623656   16
20   01123051   17
20   00983405   18
20   00623661   19
20   00623659   20
20   06041055   21
20   00623655   22
20   00623644   23
20   08967826   24
20   00623652   25
20   06041131   26
20   01426622   27
20   00983388   28
20   00983396   29
20   01277390   30
20   01216164   31
20   00102473   32
20   01123050   33
20   00623646   34
20   00983385   35
20   01206535   36
20   01426629   37
20   00097543   38
20   00103577   39
20   00623670   40
20   06024001   41
20   00623650   42
20   01123068   43
20   08965067   44
20   00983395   45
20   01426631   46
20   06040888   47
20   01426630   48
20   00675347   49
20   00623663   50
20   06041054   51
20   06041043   52
20   00081335   53
20   01426624   54
20   01255292   55
20   01426623   56
20   06040972   57
20   00623651   58
20   06040876   59
20   00623666   60
20   06023946   61
20   06149045   62
20   00623664   63
20   06040878   64
20   00623647   65
20   06023979   66
20   01255275   67
20   00623673   68
20   06040875   69
20   01488632   70
20   01206531   71
20   06040831   72
20   00869325   73
20   06041045   74
20   00097548   75
20   01216229   76
20   06023977   77
20   08966363   78
20   06040877   79
20   06040887   80
20   08969456   81
20   06041056   82
20   06149028   83
20   01426301   84
20   01255271   85
20   06023992   86
20   01345937   87
20   06040971   88
20   06149041   89
20   08963293   90
20   01255273   91
20   06024007   92
20   08966787   93
20   01225531   94
20   01255274   95
20   01214634   96
20   01255294   97
20   06149032   98
20   01255297   99
20   01216162   100
21   01481111   1
21   00826679   2
21   01305510   3
21   01382787   4
21   00830676   5
21   06102250   6
21   00892644   7
21   00892743   8
21   01305072   9
21   01477792   10
21   01305073   11
21   01045683   12
21   01305511   13
21   00932251   14
21   01477791   15
21   06102514   16
21   00892744   17
21   00892764   18
21   06102520   19
21   01477829   20
21   01466228   21
21   00893263   22
21   00892543   23
21   00826833   24
21   00892885   25
21   00825432   26
21   00825392   27
21   00826837   28
21   06209411   29
21   00892544   30
21   00977125   31
21   00892603   32
21   00825391   33
21   00827095   34
21   00893247   35
21   00825438   36
21   00825390   37
21   00892505   38
21   00892583   39
21   00981553   40
21   00827019   41
21   00892826   42
21   01069619   43
21   00893224   44
21   00826676   45
21   00826857   46
21   06102517   47
21   00892663   48
21   01275066   49
21   00827052   50
21   00826775   51
21   00826804   52
21   00826787   53
21   01045548   54
21   00933025   55
21   00830671   56
21   01477823   57
21   00826790   58
21   01063358   59
21   00826012   60
21   00826785   61
21   00826759   62
21   01063379   63
21   00825439   64
21   00892825   65
21   00826754   66
21   01464764   67
21   00977909   68
21   00826780   69
21   01219193   70
21   00830673   71
21   00892884   72
21   01064394   73
21   00915723   74
21   00826746   75
21   00826742   76
21   00826802   77
21   00830674   78
21   00826665   79
21   00935676   80
21   00826973   81
21   01219194   82
21   00825435   83
21   01069580   84
21   00977145   85
21   00826811   86
21   00830670   87
21   00826922   88
21   00826682   89
21   01069582   90
21   00826840   91
21   00827002   92
21   01069846   93
21   00893204   94
21   00830677   95
21   01045559   96
21   01386723   97
21   00826146   98
21   00893265   99
21   00826783   100
22   00091738   1
22   00101863   2
22   01034337   3
22   06279420   4
22   01316153   5
22   06279281   6
22   01316108   7
22   01316168   8
22   01357589   9
22   01316177   10
22   06279434   11
22   06279435   12
22   00091735   13
22   06279477   14
22   06279479   15
22   06279184   16
22   01316094   17
22   06280848   18
22   05872330   19
22   06280839   20
22   00130073   21
22   05982427   22
22   05873073   23
22   00001439   24
22   06280843   25
22   06279476   26
22   06279365   27
22   06279339   28
22   05879054   29
22   06280849   30
22   05997928   31
22   06103222   32
22   06142488   33
22   00071453   34
22   00102669   35
22   00010726   36
22   00085117   37
22   06279418   38
22   00134216   39
22   06279485   40
22   01207086   41
22   00119926   42
22   01357567   43
22   05872222   44
22   05997929   45
22   05982415   46
22   05997926   47
22   05879165   48
22   05872357   49
22   00010264   50
22   06103643   51
22   05982420   52
22   00102659   53
22   05982414   54
22   00070608   55
22   01466939   56
22   05982421   57
22   05982418   58
22   05872235   59
22   00102674   60
22   05982423   61
22   05879387   62
22   05982417   63
22   06102676   64
22   05872902   65
22   05982429   66
22   05872241   67
22   05982430   68
22   01143350   69
22   06103165   70
22   05872233   71
22   05872716   72
22   06103220   73
22   06102716   74
22   00010265   75
22   05872243   76
22   00101864   77
22   05878938   78
22   06112988   79
22   05982411   80
22   05872248   81
22   05872619   82
22   06103488   83
22   01207087   84
22   05879261   85
22   06103166   86
22   06102679   87
22   01418062   88
22   05872624   89
22   06103644   90
22   05982543   91
22   05872228   92
22   05879289   93
22   05879007   94
22   06103939   95
22   05872539   96
22   06142484   97
22   00102675   98
22   06104096   99
22   00134214   100
23   00620346   1
23   00012609   2
23   00109572   3
23   00109580   4
23   00071123   5
23   00109290   6
23   00070548   7
23   00102897   8
23   00932130   9
23   00932124   10
23   00929449   11
23   00120686   12
23   00929453   13
23   00109576   14
23   00929467   15
23   00932114   16
23   00071121   17
23   00132973   18
23   00932113   19
23   00932112   20
23   00109581   21
23   00932127   22
23   00929428   23
23   00109578   24
23   00932117   25
23   01042815   26
23   00079175   27
23   00932109   28
23   01520544   29
23   00929445   30
23   01520559   31
23   00075875   32
23   06183769   33
23   00077501   34
23   00929427   35
23   00825072   36
23   00929444   37
23   01070308   38
23   01262014   39
23   00932133   40
23   00929434   41
23   01520542   42
23   00109582   43
23   00122820   44
23   00927963   45
23   00927964   46
23   00101006   47
23   00106083   48
23   00688305   49
23   00620345   50
23   00658661   51
23   06183755   52
23   00929478   53
23   00929448   54
23   00929452   55
23   06183825   56
23   00932132   57
23   00102896   58
23   00615509   59
23   00122873   60
23   00932131   61
23   00932115   62
23   00941303   63
23   01022825   64
23   00620364   65
23   06186123   66
23   00929454   67
23   00620373   68
23   00109573   69
23   00929480   70
23   00928125   71
23   00932128   72
23   00620348   73
23   00615745   74
23   00932110   75
23   00928104   76
23   00077510   77
23   00593200   78
23   00929446   79
23   00615746   80
23   00620371   81
23   00620350   82
23   00077511   83
23   00932134   84
23   00615299   85
23   00932111   86
23   00081515   87
23   00620365   88
23   00100945   89
23   00615744   90
23   00620353   91
23   00932129   92
23   00620368   93
23   00927925   94
23   01498675   95
23   00006639   96
23   01069860   97
23   00620366   98
23   00058995   99
23   00615512   100
24   00702601   1
24   08970957   2
24   06056075   3
24   08969242   4
24   08969231   5
24   01040323   6
24   08969298   7
24   00105593   8
24   06056504   9
24   08969762   10
24   08965029   11
24   08969234   12
24   06056161   13
24   08970930   14
24   08967824   15
24   08969849   16
24   08967341   17
24   00106045   18
24   00963063   19
24   08970955   20
24   08965304   21
24   08969304   22
24   06056438   23
24   08965341   24
24   08969782   25
24   00101633   26
24   08969301   27
24   06056454   28
24   00606926   29
24   08969229   30
24   08965320   31
24   06056439   32
24   08969220   33
24   08969723   34
24   00124834   35
24   08969303   36
24   06056445   37
24   00606928   38
24   08969300   39
24   08970938   40
24   06056158   41
24   01040324   42
24   08972354   43
24   00001514   44
24   08965318   45
24   06056442   46
24   06056435   47
24   08966326   48
24   08969414   49
24   08965314   50
24   08965397   51
24   06056157   52
24   08946554   53
24   06056457   54
24   00963062   55
24   08969440   56
24   06056028   57
24   08945845   58
24   00112836   59
24   08965030   60
24   06056459   61
24   00606927   62
24   08970573   63
24   08965707   64
24   08966030   65
24   00702545   66
24   08969306   67
24   06056449   68
24   06056031   69
24   08970926   70
24   00101528   71
24   08946379   72
24   08965265   73
24   08966366   74
24   06056444   75
24   08945862   76
24   08970928   77
24   00001511   78
24   08965309   79
24   06056443   80
24   00124989   81
24   08969811   82
24   00702547   83
24   08965419   84
24   06056446   85
24   08964819   86
24   08945846   87
24   00702527   88
24   08946878   89
24   08965308   90
24   08965865   91
24   00096311   92
24   06056448   93
24   00109427   94
24   08965302   95
24   08965452   96
24   06056441   97
24   08963222   98
24   08965976   99
24   08946552   100
25   08967157   1
25   00015200   2
25   01198193   3
25   08970860   4
25   01272724   5
25   00058750   6
25   01198196   7
25   08966146   8
25   00009317   9
25   08970854   10
25   00010072   11
25   06214395   12
25   01291817   13
25   08964670   14
25   08974460   15
25   01510895   16
25   01198197   17
25   00011185   18
25   00012865   19
25   08970855   20
25   00010073   21
25   00069449   22
25   00058690   23
25   08965291   24
25   00108636   25
25   00069167   26
25   01198187   27
25   01084800   28
25   01291819   29
25   08964667   30
25   00010442   31
25   00074036   32
25   00069178   33
25   00012896   34
25   00069186   35
25   00069374   36
25   01198189   37
25   00662121   38
25   00069195   39
25   01510897   40
25   00069182   41
25   00111726   42
25   00012580   43
25   00076625   44
25   00105238   45
25   00112810   46
25   06164027   47
25   01263362   48
25   00134705   49
25   00108371   50
25   00012871   51
25   00111251   52
25   00106485   53
25   01511775   54
25   06161084   55
25   06164026   56
25   08945718   57
25   01198198   58
25   00010578   59
25   00105114   60
25   06164037   61
25   00069809   62
25   00010833   63
25   00000829   64
25   00012277   65
25   06164035   66
25   00010074   67
25   00069180   68
25   00008538   69
25   06164038   70
25   01198184   71
25   00069163   72
25   00010307   73
25   00010448   74
25   00075803   75
25   00012803   76
25   00112817   77
25   00058977   78
25   00009003   79
25   01272725   80
25   00063737   81
25   00111825   82
25   00068874   83
25   00069418   84
25   00112685   85
25   00108372   86
25   00063744   87
25   00109307   88
25   00108598   89
25   00069456   90
25   00105115   91
25   00012783   92
25   00010629   93
25   00108599   94
25   00001174   95
25   00084697   96
25   00086982   97
25   00111254   98
25   00069811   99
25   00009321   100
26   06026843   1
26   06106548   2
26   06026642   3
26   06026452   4
26   06026530   5
26   06026358   6
26   06116372   7
26   06026836   8
26   06098079   9
26   06026825   10
26   06026789   11
26   06106415   12
26   06097964   13
26   06026827   14
26   06026795   15
26   06026805   16
26   06098109   17
26   06098100   18
26   06026819   19
26   06026783   20
26   06098111   21
26   05831054   22
26   05836079   23
26   06026998   24
26   06026798   25
26   06098057   26
26   06098110   27
26   06098077   28
26   05967716   29
26   06026850   30
26   05836221   31
26   06153911   32
26   05831055   33
26   06026840   34
26   06026868   35
26   06106400   36
26   06106551   37
26   06097972   38
26   06098547   39
26   06098168   40
26   05836215   41
26   06299425   42
26   05836220   43
26   05831017   44
26   06106553   45
26   05967645   46
26   05967649   47
26   06098193   48
26   05836115   49
26   05836231   50
26   06004798   51
26   06153710   52
26   06116368   53
26   06106414   54
26   06299370   55
26   06098620   56
26   06240274   57
26   06153913   58
26   06240267   59
26   06242360   60
26   06107386   61
26   05967699   62
26   05836235   63
26   06239735   64
26   06153951   65
26   06299351   66
26   06153711   67
26   05836213   68
26   06098058   69
26   06026846   70
26   06153906   71
26   06299405   72
26   06299337   73
26   05836107   74
26   06098028   75
26   06107498   76
26   06299423   77
26   06153883   78
26   05836216   79
26   06098070   80
26   05836214   81
26   06153895   82
26   05968810   83
26   06098170   84
26   05836217   85
26   06159910   86
26   06107529   87
26   06242371   88
26   06159909   89
26   05836085   90
26   05968798   91
26   06159911   92
26   06107499   93
26   05968804   94
26   06107495   95
26   06159915   96
26   06239730   97
26   06159912   98
26   06159913   99
26   06153712   100
27   01473027   1
27   08969035   2
27   01265717   3
27   01265733   4
27   06168277   5
27   08969043   6
27   08969530   7
27   06300747   8
27   00143254   9
27   01473190   10
27   01265749   11
27   01265712   12
27   01265382   13
27   01370477   14
27   06168270   15
27   08964876   16
27   08967392   17
27   01226235   18
27   06236968   19
27   01265742   20
27   01265751   21
27   01265345   22
27   01226174   23
27   01034217   24
27   01265737   25
27   08965884   26
27   01265643   27
27   06032957   28
27   06300796   29
27   01276693   30
27   01265713   31
27   01265366   32
27   00868850   33
27   01370490   34
27   01226320   35
27   08966829   36
27   08968967   37
27   01265753   38
27   01129510   39
27   01184446   40
27   01226253   41
27   01226176   42
27   01370480   43
27   01276692   44
27   01183852   45
27   08967017   46
27   06032992   47
27   00095425   48
27   00868856   49
27   01276685   50
27   00087171   51
27   01129523   52
27   01129499   53
27   01183902   54
27   08968987   55
27   08967862   56
27   00717782   57
27   01370482   58
27   00868847   59
27   01061785   60
27   00868843   61
27   01129525   62
27   08971114   63
27   08967427   64
27   00833871   65
27   00868842   66
27   00868848   67
27   01276682   68
27   01129500   69
27   01276686   70
27   08963233   71
27   08946963   72
27   01370481   73
27   01061784   74
27   00868846   75
27   01129501   76
27   01226255   77
27   08946965   78
27   01184442   79
27   00868845   80
27   01370479   81
27   01184447   82
27   01183855   83
27   01265399   84
27   01276688   85
27   01370489   86
27   01184122   87
27   01061782   88
27   06301294   89
27   01276684   90
27   01184430   91
27   01184443   92
27   01226189   93
27   01276683   94
27   01265383   95
27   00717786   96
27   08968232   97
27   01184444   98
27   00833859   99
27   01370475   100
28   00781507   1
28   01461739   2
28   00781503   3
28   00781542   4
28   06220980   5
28   00948431   6
28   01461733   7
28   01461742   8
28   01182863   9
28   00948433   10
28   01461727   11
28   01461728   12
28   00084655   13
28   00781501   14
28   01183293   15
28   01116788   16
28   01461744   17
28   01116791   18
28   00635026   19
28   01116841   20
28   01116819   21
28   01461724   22
28   00634719   23
28   01116840   24
28   00948443   25
28   06221143   26
28   01461621   27
28   01183311   28
28   01182869   29
28   06220959   30
28   00755054   31
28   00755053   32
28   00634720   33
28   06221148   34
28   01147525   35
28   06220950   36
28   01461579   37
28   00615880   38
28   01116792   39
28   00755052   40
28   01116833   41
28   01183300   42
28   00635027   43
28   06220956   44
28   01182862   45
28   00948438   46
28   06271303   47
28   01183299   48
28   00948428   49
28   06220982   50
28   00634964   51
28   01183302   52
28   06221144   53
28   01127457   54
28   00635028   55
28   00635029   56
28   01360854   57
28   01182864   58
28   01116831   59
28   01116787   60
28   01191972   61
28   00948441   62
28   01182868   63
28   00634932   64
28   01183294   65
28   01191971   66
28   00634512   67
28   01182867   68
28   01185464   69
28   01182873   70
28   01360756   71
28   00615306   72
28   01147508   73
28   01183304   74
28   01147518   75
28   01183310   76
28   00635025   77
28   01116789   78
28   01191963   79
28   01360757   80
28   01360764   81
28   01116827   82
28   01360723   83
28   01183313   84
28   01182866   85
28   00615525   86
28   00634515   87
28   01183292   88
28   01182865   89
28   00948423   90
28   01147522   91
28   01182872   92
28   00948424   93
28   01182871   94
28   01183303   95
28   00634550   96
28   01182870   97
28   01183297   98
28   01147528   99
28   01116828   100
29   06238248   1
29   01244055   2
29   01244069   3
29   01244068   4
29   01244109   5
29   06282499   6
29   01244172   7
29   00011627   8
29   00011626   9
29   06222274   10
29   06240286   11
29   01237530   12
29   06240351   13
29   06240846   14
29   06240534   15
29   06238346   16
29   06240350   17
29   06238240   18
29   01244091   19
29   06238252   20
29   01281564   21
29   01432022   22
29   00011636   23
29   06240399   24
29   06240422   25
29   06240243   26
29   06240383   27
29   06240315   28
29   06238249   29
29   06222294   30
29   06288875   31
29   06240410   32
29   00011625   33
29   06240536   34
29   06240247   35
29   06240408   36
29   06240276   37
29   06238250   38
29   06294524   39
29   05980724   40
29   06240378   41
29   01237513   42
29   01244070   43
29   06240255   44
29   06240380   45
29   06222295   46
29   00910130   47
29   06238237   48
29   00085119   49
29   06222281   50
29   06222297   51
29   00869315   52
29   01281619   53
29   01244248   54
29   06238344   55
29   06238253   56
29   05980723   57
29   00744313   58
29   01281632   59
29   01237515   60
29   06289013   61
29   01068221   62
29   01207703   63
29   00910094   64
29   06238228   65
29   00869421   66
29   01237514   67
29   06282625   68
29   00744527   69
29   01068212   70
29   06222300   71
29   06024768   72
29   00869312   73
29   06238229   74
29   01281560   75
29   06282670   76
29   00744283   77
29   06294590   78
29   00910165   79
29   06238254   80
29   00744320   81
29   01283439   82
29   01281571   83
29   06282543   84
29   00910117   85
29   00869309   86
29   06222275   87
29   01281642   88
29   00744483   89
29   01281567   90
29   01027276   91
29   00744484   92
29   00907047   93
29   01281558   94
29   00869311   95
29   00907048   96
29   01027239   97
29   00910124   98
29   01281638   99
29   00910247   100
30   06101091   1
30   01377402   2
30   01436061   3
30   01408655   4
30   01460001   5
30   00100101   6
30   01032063   7
30   00098552   8
30   00127828   9
30   00058507   10
30   00975526   11
30   00617801   12
30   00099851   13
30   01377403   14
30   00099622   15
30   00126487   16
30   00767080   17
30   01205085   18
30   01245718   19
30   00662114   20
30   00668879   21
30   01484116   22
30   00099385   23
30   01376493   24
30   00096811   25
30   00098574   26
30   00099884   27
30   01235210   28
30   00923927   29
30   01169943   30
30   01242282   31
30   06255341   32
30   00058425   33
30   00081480   34
30   00100143   35
30   00099341   36
30   00099229   37
30   06226672   38
30   00100146   39
30   01226891   40
30   01242288   41
30   00099753   42
30   00662075   43
30   00069616   44
30   00100163   45
30   00126733   46
30   00100263   47
30   00611867   48
30   00950659   49
30   01225749   50
30   01249128   51
30   00767925   52
30   00099417   53
30   06243920   54
30   01205083   55
30   00148298   56
30   00099177   57
30   00099104   58
30   00100693   59
30   00950998   60
30   00951004   61
30   00098447   62
30   06255346   63
30   00100340   64
30   00072394   65
30   00098741   66
30   01225753   67
30   00100126   68
30   00685216   69
30   00098477   70
30   00099400   71
30   00098449   72
30   01256850   73
30   00099234   74
30   00851251   75
30   00099583   76
30   00100000   77
30   00140828   78
30   01373517   79
30   00670203   80
30   00888849   81
30   00084107   82
30   00131304   83
30   00851405   84
30   00099403   85
30   00079784   86
30   00129039   87
30   00851725   88
30   01343448   89
30   00098478   90
30   00098318   91
30   00690524   92
30   01343446   93
30   01373514   94
30   06255335   95
30   01343450   96
30   00851252   97
30   01255550   98
30   00100157   99
30   00099597   100
31   05982836   1
31   05982831   2
31   05982823   3
31   06238508   4
31   05982827   5
31   06238523   6
31   06238495   7
31   06238631   8
31   06238630   9
31   05982810   10
31   06238637   11
31   06238614   12
31   05982821   13
31   06238510   14
31   05982829   15
31   06238543   16
31   06238501   17
31   06238549   18
31   06238615   19
31   05982812   20
31   06238638   21
31   06238639   22
31   06238496   23
31   06238541   24
31   06238540   25
31   06238528   26
31   06238542   27
31   06238509   28
31   06238553   29
31   05982834   30
31   06238640   31
31   06238513   32
31   06238497   33
31   06238499   34
31   00689259   35
31   06238618   36
31   06238537   37
31   06238524   38
31   06238619   39
31   06238515   40
31   06238557   41
31   06234751   42
31   06238498   43
31   06238517   44
31   06238635   45
31   06238633   46
31   06238505   47
31   06238628   48
31   06238534   49
31   06238520   50
31   06238551   51
31   06238545   52
31   06238620   53
31   06238511   54
31   06299278   55
31   06238512   56
31   06238636   57
31   06238516   58
31   06299287   59
31   06238612   60
31   05982818   61
31   05960259   62
31   06238632   63
31   06238547   64
31   06238521   65
31   06238556   66
31   06238536   67
31   00688495   68
31   06238552   69
31   06238544   70
31   06238500   71
31   05960243   72
31   06238502   73
31   06238616   74
31   06238538   75
31   06238550   76
31   05960245   77
31   00688643   78
31   05960240   79
31   05960250   80
31   06238522   81
31   06238539   82
31   05960260   83
31   01184385   84
31   05960241   85
31   06238555   86
31   05998485   87
31   05960262   88
31   05960257   89
31   05960242   90
31   06238514   91
31   05998430   92
31   06238529   93
31   00688642   94
31   06238617   95
31   00843970   96
31   05982758   97
31   05960249   98
31   05960251   99
31   05960239   100
32   05842136   1
32   06280291   2
32   05871648   3
32   05824023   4
32   06280256   5
32   06291083   6
32   05870456   7
32   05850544   8
32   05841936   9
32   06296180   10
32   06296182   11
32   05871607   12
32   06280319   13
32   05826499   14
32   05870153   15
32   05850541   16
32   05871768   17
32   06291098   18
32   01508450   19
32   05870509   20
32   06296228   21
32   01135314   22
32   05870386   23
32   05871712   24
32   05864669   25
32   06195868   26
32   06291068   27
32   05841927   28
32   06296212   29
32   06296242   30
32   05825704   31
32   05824918   32
32   05870400   33
32   05864980   34
32   06296211   35
32   06280405   36
32   05870574   37
32   06291086   38
32   06280284   39
32   05826759   40
32   05826654   41
32   01508449   42
32   05864736   43
32   05867862   44
32   06296181   45
32   06291071   46
32   01340461   47
32   05871786   48
32   05872212   49
32   05841884   50
32   06280287   51
32   06296214   52
32   05867864   53
32   05850474   54
32   05850471   55
32   01340460   56
32   01312566   57
32   05841915   58
32   01482075   59
32   05871751   60
32   06296236   61
32   06291127   62
32   06195879   63
32   05862496   64
32   00122180   65
32   05871806   66
32   06296248   67
32   05824029   68
32   05870678   69
32   05870179   70
32   05864456   71
32   05870471   72
32   05872694   73
32   06291133   74
32   00015171   75
32   06280255   76
32   06291128   77
32   05871728   78
32   05850472   79
32   05826500   80
32   05864419   81
32   05842932   82
32   05824032   83
32   05870588   84
32   06296246   85
32   05869999   86
32   00059295   87
32   05870114   88
32   05864429   89
32   05826497   90
32   05864568   91
32   06273200   92
32   05864421   93
32   00103580   94
32   05864599   95
32   05872194   96
32   05870713   97
32   05870576   98
32   00063265   99
32   00064463   100
33   01489099   1
33   06078130   2
33   01193442   3
33   01135637   4
33   06087114   5
33   01135634   6
33   00594168   7
33   00603526   8
33   00800443   9
33   01515640   10
33   00603521   11
33   00800222   12
33   01481052   13
33   00593663   14
33   00603531   15
33   05991286   16
33   06184889   17
33   00805612   18
33   00603806   19
33   01407030   20
33   01481043   21
33   01407029   22
33   00062352   23
33   05851456   24
33   01121497   25
33   00014191   26
33   00800437   27
33   00062339   28
33   08946798   29
33   06078135   30
33   00791691   31
33   01193423   32
33   01138084   33
33   00061947   34
33   00593864   35
33   06091460   36
33   08967206   37
33   00797476   38
33   05960818   39
33   06078146   40
33   05908197   41
33   00799705   42
33   00077313   43
33   01517959   44
33   00766128   45
33   00600182   46
33   01480415   47
33   01516053   48
33   00806432   49
33   08966011   50
33   01182928   51
33   01196168   52
33   00809061   53
33   00014034   54
33   06078301   55
33   00008308   56
33   08968923   57
33   01138085   58
33   00800440   59
33   00770054   60
33   00766964   61
33   00603519   62
33   01138125   63
33   00067819   64
33   08970517   65
33   00805757   66
33   00784695   67
33   00594220   68
33   01518458   69
33   00791909   70
33   08972797   71
33   00603098   72
33   00624043   73
33   05960868   74
33   00798665   75
33   05966563   76
33   00795171   77
33   01480529   78
33   01494849   79
33   00603524   80
33   01476649   81
33   00604199   82
33   00593861   83
33   05966559   84
33   01135469   85
33   00603088   86
33   00603529   87
33   01236620   88
33   01185182   89
33   00797011   90
33   00603086   91
33   00800530   92
33   01136266   93
33   01158388   94
33   00603094   95
33   01183629   96
33   01186083   97
33   00594182   98
33   00603528   99
33   00827374   100
34   01382861   1
34   00630104   2
34   00707520   3
34   01382859   4
34   01039089   5
34   01053058   6
34   01375163   7
34   01043570   8
34   01383983   9
34   01384004   10
34   01383987   11
34   01261094   12
34   01141226   13
34   01378702   14
34   01134055   15
34   01382867   16
34   00945569   17
34   01373166   18
34   01378701   19
34   01043987   20
34   01373159   21
34   01054842   22
34   01134056   23
34   01043569   24
34   01385222   25
34   01040440   26
34   01385264   27
34   01051533   28
34   01382854   29
34   01043596   30
34   01364342   31
34   01261095   32
34   01385355   33
34   01134054   34
34   01042280   35
34   00707517   36
34   06235207   37
34   01127743   38
34   01277835   39
34   01376800   40
34   08971089   41
34   05821578   42
34   01382877   43
34   01211402   44
34   00061906   45
34   01381748   46
34   01383896   47
34   00608745   48
34   00945571   49
34   01375908   50
34   00796954   51
34   01381775   52
34   01381688   53
34   01070584   54
34   01039090   55
34   01040441   56
34   01173582   57
34   00630101   58
34   01277837   59
34   08969694   60
34   00697302   61
34   00120458   62
34   00651731   63
34   00717480   64
34   01042293   65
34   05821580   66
34   00825319   67
34   01338266   68
34   05821569   69
34   08970457   70
34   05821567   71
34   01376805   72
34   01385263   73
34   01376849   74
34   00151855   75
34   05821570   76
34   08970452   77
34   00945568   78
34   01376864   79
34   00945577   80
34   01364340   81
34   05821559   82
34   08969907   83
34   01000827   84
34   01367685   85
34   00596439   86
34   05821585   87
34   08969004   88
34   00119421   89
34   01195707   90
34   01252428   91
34   05821575   92
34   08970448   93
34   00630531   94
34   05821526   95
34   00128906   96
34   05821564   97
34   05821581   98
34   05821576   99
34   00151068   100
35   00119865   1
35   05834260   2
35   01314761   3
35   05834261   4
35   01232231   5
35   01314764   6
35   05972054   7
35   05834258   8
35   01314766   9
35   01314768   10
35   00119863   11
35   06122291   12
35   01315579   13
35   05834263   14
35   01272460   15
35   00115061   16
35   05834255   17
35   05834254   18
35   00140120   19
35   01314791   20
35   08966845   21
35   00856270   22
35   01315571   23
35   01405724   24
35   00077862   25
35   05834281   26
35   06122287   27
35   05834283   28
35   05916849   29
35   05834268   30
35   08969451   31
35   00127901   32
35   00127894   33
35   00010144   34
35   00077861   35
35   00014761   36
35   01304526   37
35   00107391   38
35   01360860   39
35   00059220   40
35   01281055   41
35   01315581   42
35   01419964   43
35   01122470   44
35   05834247   45
35   01314875   46
35   00682925   47
35   06122293   48
35   01241994   49
35   01315575   50
35   01281054   51
35   01190650   52
35   06122286   53
35   01314794   54
35   00750661   55
35   00077859   56
35   01314795   57
35   01315577   58
35   05834246   59
35   06122283   60
35   01304523   61
35   00811040   62
35   00001387   63
35   01314796   64
35   01314797   65
35   05834285   66
35   06122284   67
35   01480710   68
35   01419966   69
35   01190649   70
35   00079149   71
35   01304522   72
35   00063937   73
35   01315580   74
35   01035142   75
35   01314798   76
35   00856271   77
35   00856272   78
35   01314800   79
35   00011769   80
35   00098260   81
35   01304524   82
35   00658837   83
35   01433469   84
35   01304525   85
35   00658831   86
35   01433470   87
35   01314802   88
35   01083919   89
35   00140498   90
35   01314801   91
35   01419969   92
35   00984083   93
35   01419963   94
35   01034176   95
35   01315572   96
35   01083920   97
35   01480705   98
35   01304527   99
35   06122288   100
36   00787149   1
36   08962843   2
36   00799449   3
36   00628303   4
36   08962846   5
36   08947042   6
36   06079836   7
36   00799053   8
36   00701563   9
36   00789896   10
36   06079828   11
36   00800097   12
36   05955066   13
36   05955045   14
36   08945723   15
36   00798912   16
36   00787970   17
36   00799055   18
36   00629199   19
36   00799052   20
36   06079833   21
36   05955005   22
36   00141377   23
36   06053346   24
36   00798881   25
36   06079829   26
36   06079837   27
36   00799050   28
36   00799051   29
36   06079832   30
36   00150353   31
36   01457700   32
36   00726520   33
36   00109492   34
36   06079834   35
36   06079821   36
36   06079823   37
36   00782330   38
36   00777281   39
36   00635506   40
36   00797707   41
36   00727462   42
36   00141378   43
36   00723174   44
36   00798925   45
36   00701556   46
36   00768673   47
36   00150354   48
36   00601414   49
36   00110508   50
36   00150364   51
36   05955024   52
36   00782396   53
36   06079835   54
36   00803215   55
36   00789850   56
36   00769655   57
36   00769654   58
36   00701592   59
36   00111383   60
36   00799210   61
36   00800131   62
36   01456733   63
36   00066450   64
36   00792682   65
36   00792433   66
36   00792164   67
36   00759860   68
36   00663596   69
36   06079824   70
36   00792683   71
36   00750122   72
36   00110362   73
36   00701639   74
36   00778862   75
36   00778863   76
36   06079827   77
36   00681758   78
36   00701523   79
36   00083805   80
36   00793001   81
36   00629200   82
36   00791245   83
36   00685749   84
36   00110352   85
36   00793712   86
36   00792930   87
36   00068324   88
36   00635529   89
36   00768841   90
36   00774644   91
36   00777022   92
36   00797705   93
36   00109559   94
36   00790670   95
36   00629198   96
36   00792169   97
36   00792430   98
36   00635525   99
36   00635528   100
37   00009824   1
37   00062445   2
37   01334551   3
37   08966370   4
37   00766770   5
37   00616093   6
37   01176968   7
37   01208643   8
37   08966369   9
37   01224917   10
37   01209141   11
37   00101185   12
37   01334552   13
37   08974717   14
37   01177032   15
37   00101843   16
37   00111787   17
37   01055197   18
37   00698900   19
37   00615927   20
37   00610727   21
37   00689770   22
37   01262006   23
37   08970559   24
37   01236853   25
37   00137352   26
37   05968010   27
37   00615526   28
37   00006533   29
37   01213961   30
37   00616118   31
37   05968008   32
37   08966776   33
37   08971210   34
37   01061248   35
37   00616337   36
37   01427304   37
37   00706761   38
37   00615515   39
37   05968005   40
37   00833022   41
37   08965790   42
37   08974715   43
37   00815311   44
37   00616338   45
37   08964779   46
37   00616095   47
37   00611604   48
37   00611548   49
37   08973700   50
37   01425718   51
37   00616097   52
37   01427092   53
37   08964928   54
37   06237553   55
37   00615935   56
37   08947028   57
37   00816623   58
37   00615929   59
37   00000779   60
37   08965062   61
37   01177026   62
37   01041593   63
37   01208661   64
37   01061501   65
37   01177033   66
37   08966352   67
37   00076020   68
37   01080448   69
37   00616117   70
37   08969003   71
37   01170802   72
37   01427306   73
37   00616132   74
37   08969046   75
37   00009265   76
37   00006613   77
37   00615938   78
37   00014737   79
37   00616099   80
37   01188306   81
37   01425717   82
37   00616115   83
37   01061251   84
37   00615525   85
37   01204024   86
37   00615532   87
37   00616116   88
37   00615517   89
37   01427089   90
37   01177069   91
37   01347938   92
37   00615545   93
37   00006532   94
37   01347955   95
37   01176965   96
37   00616123   97
37   00615704   98
37   00682585   99
37   00008739   100
38   00985954   1
38   00985937   2
38   01141972   3
38   01285965   4
38   00808417   5
38   01284394   6
38   00596642   7
38   01313771   8
38   01143572   9
38   00985635   10
38   01313780   11
38   01313774   12
38   01313276   13
38   01488810   14
38   01284396   15
38   00985964   16
38   00985950   17
38   01313782   18
38   01313783   19
38   00596640   20
38   00596638   21
38   01313775   22
38   01139963   23
38   01309196   24
38   01141975   25
38   00955190   26
38   00985645   27
38   05824909   28
38   01313757   29
38   00985908   30
38   00723919   31
38   01313763   32
38   01141977   33
38   01313778   34
38   01141968   35
38   01141979   36
38   01139973   37
38   00985952   38
38   00596648   39
38   00596643   40
38   01313773   41
38   01313781   42
38   01313270   43
38   00985932   44
38   00808430   45
38   01141981   46
38   01313768   47
38   05825789   48
38   00596649   49
38   00985944   50
38   00985948   51
38   01264747   52
38   00985946   53
38   01313352   54
38   01139965   55
38   01313274   56
38   01313769   57
38   00596656   58
38   01309192   59
38   00596646   60
38   05824890   61
38   00985916   62
38   00955186   63
38   00985939   64
38   01313267   65
38   00596647   66
38   01263862   67
38   01313776   68
38   01313762   69
38   00955189   70
38   05824850   71
38   00596661   72
38   00985930   73
38   01139971   74
38   01139970   75
38   01309197   76
38   00985868   77
38   01313764   78
38   01139964   79
38   01139962   80
38   01284393   81
38   01313770   82
38   01285960   83
38   00985935   84
38   01309807   85
38   01139966   86
38   00985949   87
38   01313779   88
38   01313772   89
38   00985934   90
38   00985933   91
38   00985923   92
38   00985938   93
38   00985889   94
38   01139968   95
38   01309193   96
38   01313761   97
38   00596660   98
38   00723866   99
38   05824900   100
39   01306695   1
39   01309488   2
39   01309474   3
39   01327477   4
39   01306659   5
39   01306206   6
39   01306207   7
39   01445068   8
39   01306676   9
39   01360193   10
39   01305403   11
39   01304045   12
39   06125967   13
39   01399222   14
39   01305549   15
39   01445070   16
39   01316460   17
39   01316760   18
39   01365729   19
39   01306693   20
39   01346792   21
39   01316470   22
39   01316772   23
39   01185424   24
39   00614615   25
39   01445076   26
39   01305516   27
39   01304439   28
39   01382139   29
39   01301680   30
39   01316905   31
39   01306257   32
39   01410416   33
39   00683270   34
39   01305544   35
39   01306214   36
39   01307109   37
39   01370309   38
39   01082612   39
39   01365726   40
39   01306272   41
39   00149206   42
39   01306221   43
39   01370234   44
39   01306701   45
39   01188444   46
39   01410483   47
39   01306215   48
39   01306660   49
39   01301677   50
39   01084470   51
39   01306281   52
39   01304043   53
39   00735929   54
39   01393366   55
39   01346810   56
39   01408464   57
39   00863992   58
39   01304209   59
39   01082646   60
39   00061979   61
39   00868643   62
39   00864506   63
39   00151870   64
39   01442145   65
39   01346799   66
39   01185203   67
39   01305238   68
39   00907284   69
39   00799489   70
39   00853427   71
39   01454652   72
39   00121612   73
39   01302179   74
39   01305239   75
39   00735933   76
39   01307110   77
39   01477795   78
39   01410398   79
39   01009888   80
39   01346796   81
39   01082613   82
39   01410388   83
39   01301675   84
39   01373228   85
39   01384025   86
39   01360297   87
39   01309026   88
39   01346798   89
39   00618953   90
39   01444185   91
39   01382537   92
39   00606338   93
39   05827547   94
39   00895811   95
39   00907279   96
39   00793133   97
39   00947286   98
39   00945213   99
39   00683268   100
40   08966041   1
40   08965094   2
40   08969232   3
40   08966583   4
40   08966717   5
40   08966151   6
40   08968109   7
40   08965608   8
40   08966152   9
40   08969243   10
40   08967663   11
40   08968207   12
40   08968130   13
40   08964743   14
40   08969188   15
40   08967631   16
40   08966626   17
40   08969811   18
40   08967699   19
40   08966533   20
40   08970939   21
40   08970972   22
40   08969247   23
40   08969208   24
40   08969240   25
40   08966622   26
40   08968209   27
40   08970967   28
40   08968138   29
40   08969262   30
40   08969190   31
40   08968208   32
40   08966131   33
40   08969194   34
40   08970961   35
40   08970377   36
40   08970969   37
40   08970386   38
40   08965222   39
40   08968108   40
40   08969266   41
40   08969786   42
40   08969259   43
40   08970964   44
40   08970970   45
40   08970966   46
40   08969204   47
40   08970945   48
40   08967502   49
40   08968211   50
40   08970930   51
40   08968115   52
40   08969218   53
40   08969214   54
40   08970360   55
40   08965574   56
40   08969298   57
40   08965092   58
40   08969260   59
40   08970942   60
40   08969202   61
40   08970947   62
40   08968202   63
40   08969212   64
40   08970951   65
40   08965656   66
40   08968088   67
40   08969264   68
40   08964773   69
40   08969290   70
40   08967587   71
40   08970936   72
40   08965089   73
40   08968210   74
40   08969238   75
40   08968092   76
40   08966605   77
40   08969229   78
40   08966603   79
40   08966586   80
40   08966560   81
40   08967580   82
40   08945847   83
40   08966608   84
40   08969287   85
40   08965313   86
40   08967441   87
40   08965709   88
40   08966619   89
40   08968076   90
40   08969301   91
40   08969079   92
40   08967443   93
40   08969210   94
40   08966607   95
40   08966971   96
40   08965224   97
40   08965813   98
40   08966595   99
40   08969193   100
41   00781501   1
41   00755055   2
41   00781507   3
41   00948431   4
41   01461733   5
41   00781542   6
41   01461579   7
41   01461742   8
41   01116841   9
41   00781503   10
41   01116788   11
41   01179928   12
41   01461727   13
41   06220950   14
41   06271303   15
41   06220956   16
41   01461621   17
41   00762178   18
41   00948433   19
41   01461724   20
41   01116840   21
41   01040307   22
41   01116819   23
41   06220980   24
41   01360757   25
41   06221144   26
41   01461744   27
41   00762179   28
41   00755052   29
41   01461728   30
41   00755381   31
41   00755048   32
41   00755054   33
41   06221143   34
41   01182867   35
41   06221148   36
41   00755049   37
41   00755323   38
41   06220959   39
41   01461739   40
41   01147518   41
41   00948423   42
41   01116833   43
41   00759121   44
41   00948441   45
41   00755057   46
41   00755386   47
41   01127457   48
41   06220982   49
41   00755053   50
41   01182868   51
41   00948428   52
41   00759153   53
41   01182862   54
41   00762176   55
41   01182869   56
41   00948443   57
41   00755058   58
41   01360756   59
41   01147508   60
41   00634515   61
41   00755875   62
41   01116791   63
41   00755056   64
41   01116792   65
41   01470089   66
41   00755360   67
41   00634512   68
41   01116789   69
41   01424474   70
41   00755341   71
41   01182871   72
41   00755047   73
41   00755364   74
41   00615306   75
41   01424534   76
41   01040308   77
41   01182863   78
41   00755043   79
41   01116831   80
41   01360061   81
41   01089343   82
41   01147522   83
41   00755046   84
41   01116827   85
41   00948438   86
41   01116787   87
41   01040306   88
41   00634719   89
41   01147525   90
41   00948424   91
41   01182866   92
41   00634720   93
41   00634550   94
41   01116828   95
41   01182865   96
41   01182870   97
41   01182872   98
41   01182864   99
41   01147528   100
42   00074415   1
42   00080973   2
42   00059848   3
42   00149723   4
42   00827258   5
42   00149725   6
42   00745085   7
42   00080805   8
42   00059686   9
42   00058904   10
42   00075449   11
42   00001198   12
42   00062264   13
42   00059661   14
42   01127639   15
42   00150870   16
42   00131862   17
42   00149603   18
42   00062406   19
42   00827278   20
42   00081540   21
42   00062720   22
42   00611576   23
42   00106862   24
42   00655387   25
42   00006319   26
42   00630406   27
42   00600609   28
42   00660403   29
42   00124110   30
42   00062869   31
42   00006713   32
42   00006183   33
42   01127638   34
42   00630373   35
42   00079295   36
42   00595195   37
42   00063985   38
42   00630369   39
42   00122094   40
42   00069174   41
42   00058887   42
42   01155562   43
42   00124116   44
42   00124111   45
42   00629548   46
42   00064034   47
42   00064003   48
42   00628883   49
42   00083183   50
42   00082954   51
42   00101351   52
42   00623804   53
42   00124096   54
42   00600666   55
42   00131880   56
42   00124094   57
42   00062494   58
42   00114409   59
42   00614167   60
42   00745058   61
42   00149595   62
42   00062856   63
42   00605038   64
42   01127641   65
42   00075574   66
42   00078842   67
42   00630377   68
42   00626777   69
42   00061509   70
42   00078760   71
42   00104771   72
42   00630372   73
42   00106855   74
42   00097465   75
42   00623328   76
42   00596872   77
42   00059663   78
42   00078776   79
42   00098320   80
42   00079565   81
42   00106841   82
42   00005993   83
42   00082950   84
42   00602218   85
42   00106868   86
42   00080996   87
42   00092601   88
42   00673846   89
42   00080974   90
42   00062244   91
42   00080961   92
42   00630368   93
42   00080998   94
42   00101157   95
42   00075568   96
42   00630418   97
42   00078774   98
42   00630452   99
42   00630514   100
43   01471416   1
43   01207643   2
43   01471409   3
43   00009228   4
43   06197575   5
43   00762685   6
43   01471418   7
43   06121211   8
43   06197592   9
43   01471376   10
43   06024799   11
43   01400200   12
43   01471415   13
43   01471380   14
43   06024808   15
43   06287386   16
43   01471383   17
43   06175116   18
43   06121199   19
43   00963563   20
43   01043982   21
43   01400519   22
43   01471426   23
43   01471388   24
43   00599448   25
43   06287392   26
43   00009227   27
43   06175135   28
43   00117597   29
43   00963351   30
43   01049917   31
43   01400534   32
43   01493656   33
43   00014400   34
43   01043979   35
43   06121204   36
43   06121300   37
43   01493186   38
43   00117604   39
43   00009250   40
43   00082333   41
43   06284170   42
43   00007343   43
43   06284171   44
43   01415884   45
43   01493658   46
43   01035680   47
43   01471390   48
43   00597283   49
43   01049918   50
43   00068296   51
43   00963356   52
43   01400537   53
43   01043976   54
43   06024789   55
43   01471379   56
43   05846281   57
43   00106136   58
43   06018322   59
43   06201709   60
43   01049916   61
43   01043957   62
43   01415889   63
43   06121332   64
43   01026503   65
43   01471374   66
43   00597905   67
43   00014386   68
43   00014501   69
43   01096682   70
43   06121135   71
43   00615154   72
43   00105024   73
43   01400766   74
43   01415907   75
43   01086855   76
43   01043978   77
43   00596615   78
43   00117209   79
43   00963571   80
43   06121263   81
43   06121155   82
43   00598370   83
43   00634804   84
43   01049913   85
43   00963355   86
43   05846279   87
43   05846276   88
43   06287596   89
43   00008264   90
43   01096680   91
43   06121259   92
43   00597291   93
43   01206705   94
43   05846280   95
43   00599484   96
43   06018443   97
43   00592258   98
43   00012566   99
43   00077786   100
44   01295807   1
44   01477345   2
44   06215963   3
44   06216077   4
44   00650629   5
44   00843333   6
44   01295810   7
44   06215965   8
44   01295600   9
44   01295811   10
44   01295809   11
44   06215962   12
44   06215899   13
44   06048295   14
44   00667088   15
44   00665083   16
44   01295714   17
44   06216031   18
44   01295932   19
44   01295812   20
44   00667087   21
44   00702482   22
44   00647773   23
44   00650637   24
44   00647796   25
44   00761361   26
44   00734520   27
44   00702019   28
44   01468790   29
44   00665775   30
44   00702481   31
44   00667090   32
44   00647794   33
44   00650631   34
44   00761340   35
44   00761386   36
44   00761346   37
44   00760499   38
44   00761392   39
44   00650600   40
44   00764722   41
44   00702480   42
44   00650642   43
44   00761383   44
44   00702023   45
44   00665779   46
44   00638185   47
44   00761335   48
44   00764732   49
44   00650640   50
44   00650595   51
44   00587228   52
44   00761333   53
44   00764718   54
44   00665782   55
44   00734522   56
44   00764731   57
44   00761342   58
44   00665786   59
44   00761381   60
44   00760006   61
44   00761387   62
44   00702021   63
44   00662694   64
44   00764719   65
44   00665780   66
44   00662697   67
44   00764705   68
44   00650603   69
44   00650601   70
44   00587521   71
44   00665778   72
44   00761347   73
44   00702020   74
44   00702487   75
44   00764937   76
44   00764723   77
44   00761338   78
44   00667089   79
44   00665081   80
44   00764721   81
44   00761344   82
44   00702485   83
44   00665777   84
44   00663859   85
44   00764725   86
44   00764706   87
44   00662698   88
44   00665781   89
44   00760496   90
44   00665085   91
44   00587514   92
44   00650599   93
44   00665079   94
44   00667092   95
44   00761332   96
44   00760510   97
44   00587232   98
44   00760498   99
44   00760512   100
45   00136846   1
45   08966829   2
45   00932970   3
45   01458025   4
45   00009593   5
45   00140168   6
45   01458023   7
45   00644649   8
45   08966827   9
45   01458024   10
45   01125826   11
45   00009594   12
45   00918184   13
45   01453711   14
45   01061668   15
45   01265692   16
45   00073215   17
45   01147734   18
45   00084277   19
45   00777383   20
45   00936992   21
45   00781804   22
45   00939317   23
45   00918227   24
45   00009799   25
45   00098070   26
45   01055116   27
45   00136856   28
45   00008810   29
45   00932975   30
45   01182469   31
45   00007568   32
45   01055159   33
45   01265497   34
45   01453702   35
45   01082997   36
45   01265542   37
45   00084284   38
45   01453704   39
45   00826924   40
45   00067678   41
45   01265484   42
45   00104945   43
45   00121097   44
45   01083099   45
45   01182466   46
45   00775925   47
45   00880224   48
45   01055156   49
45   00918096   50
45   00932964   51
45   01061524   52
45   00143060   53
45   00750733   54
45   00910166   55
45   01265650   56
45   01055157   57
45   00936991   58
45   00937023   59
45   01048628   60
45   00939471   61
45   00147887   62
45   01276377   63
45   00936914   64
45   00644659   65
45   01182468   66
45   00148624   67
45   00932983   68
45   00143075   69
45   01265485   70
45   00084029   71
45   00793829   72
45   01265560   73
45   00939472   74
45   01129420   75
45   01182471   76
45   01226144   77
45   00644658   78
45   01129414   79
45   00087155   80
45   00798528   81
45   00624751   82
45   00918109   83
45   01182475   84
45   01088827   85
45   00932963   86
45   00796729   87
45   00121093   88
45   00009609   89
45   01265645   90
45   00638787   91
45   00936989   92
45   01025306   93
45   00006685   94
45   00638720   95
45   00073211   96
45   01125765   97
45   00864923   98
45   00747609   99
45   00857386   100
46   00118964   1
46   01504221   2
46   06047088   3
46   01319767   4
46   01141039   5
46   00661260   6
46   01265336   7
46   00144035   8
46   06184054   9
46   08973767   10
46   00062881   11
46   00118961   12
46   01393719   13
46   01430654   14
46   01374448   15
46   01333429   16
46   08969196   17
46   00012599   18
46   00119194   19
46   06047092   20
46   00062905   21
46   05826381   22
46   00107551   23
46   01433255   24
46   06182903   25
46   01433196   26
46   05834160   27
46   00655252   28
46   01308246   29
46   01309023   30
46   00106529   31
46   01308231   32
46   00655248   33
46   00846422   34
46   00107883   35
46   01333430   36
46   05834163   37
46   01333427   38
46   06184041   39
46   05826380   40
46   00134806   41
46   01308240   42
46   01308131   43
46   00129136   44
46   00139764   45
46   00118958   46
46   00118955   47
46   01333428   48
46   01308237   49
46   00140903   50
46   01309212   51
46   00115426   52
46   00098783   53
46   01430509   54
46   00010712   55
46   05823384   56
46   05823774   57
46   00080887   58
46   06184040   59
46   01503844   60
46   00117556   61
46   00062350   62
46   05826311   63
46   06168562   64
46   00062867   65
46   00655247   66
46   01393717   67
46   01308236   68
46   00001173   69
46   01333431   70
46   00655249   71
46   00109247   72
46   05823782   73
46   00103167   74
46   06182905   75
46   00067047   76
46   01333432   77
46   00660975   78
46   00010732   79
46   00119226   80
46   00112685   81
46   01308134   82
46   00940100   83
46   00067069   84
46   00007379   85
46   01374447   86
46   00067040   87
46   00144514   88
46   00131580   89
46   00131083   90
46   00071111   91
46   00142018   92
46   00139919   93
46   00116556   94
46   00106485   95
46   00093096   96
46   00099694   97
46   00116563   98
46   00068940   99
46   00132067   100
47   01126574   1
47   01474693   2
47   00121313   3
47   01481755   4
47   06236797   5
47   01127245   6
47   01014419   7
47   00910068   8
47   00960276   9
47   01217951   10
47   01441537   11
47   01474704   12
47   01181804   13
47   01014399   14
47   00707134   15
47   01474692   16
47   05957194   17
47   00140302   18
47   00869327   19
47   06059792   20
47   00707132   21
47   00983271   22
47   01129887   23
47   01441539   24
47   00121070   25
47   05918065   26
47   01469954   27
47   01433860   28
47   06237055   29
47   01454646   30
47   00869328   31
47   00121080   32
47   01399733   33
47   00124004   34
47   00149637   35
47   00972770   36
47   06003793   37
47   00760605   38
47   00629823   39
47   00796674   40
47   06192619   41
47   06024004   42
47   01516226   43
47   01469947   44
47   06104510   45
47   06236924   46
47   06145381   47
47   00802033   48
47   06003764   49
47   00139813   50
47   06145539   51
47   01454654   52
47   06236777   53
47   06237052   54
47   06105341   55
47   01036184   56
47   06192467   57
47   01454656   58
47   00123013   59
47   00791890   60
47   01371102   61
47   00127961   62
47   05976945   63
47   01469953   64
47   01278939   65
47   06024502   66
47   01400804   67
47   00980084   68
47   06192502   69
47   00623395   70
47   01217952   71
47   05966659   72
47   06192501   73
47   00132106   74
47   06104401   75
47   06145851   76
47   01357876   77
47   06105253   78
47   00137333   79
47   01400880   80
47   01282637   81
47   06145529   82
47   05976944   83
47   06104494   84
47   01310703   85
47   01433867   86
47   06145835   87
47   00629844   88
47   06024498   89
47   06236681   90
47   06059949   91
47   00122576   92
47   06003799   93
47   00725665   94
47   01354371   95
47   06145839   96
47   06048935   97
47   01400826   98
47   06003767   99
47   00623390   100
48   01285294   1
48   08969820   2
48   00007495   3
48   08967672   4
48   08968165   5
48   08967589   6
48   08965947   7
48   08969907   8
48   08965230   9
48   08967603   10
48   08965875   11
48   08966293   12
48   00755400   13
48   08966146   14
48   08964836   15
48   08969314   16
48   08967665   17
48   08970448   18
48   08969646   19
48   08970924   20
48   08969390   21
48   08966633   22
48   00755423   23
48   08966030   24
48   08964829   25
48   08964839   26
48   08967605   27
48   08968156   28
48   08945941   29
48   08945935   30
48   01209521   31
48   08970463   32
48   08945939   33
48   08968164   34
48   08945869   35
48   08967670   36
48   08964837   37
48   08966680   38
48   08970974   39
48   06163117   40
48   00139382   41
48   08964834   42
48   08966855   43
48   08964838   44
48   08945937   45
48   08966144   46
48   08964824   47
48   08969859   48
48   00755680   49
48   08946012   50
48   08969326   51
48   08967214   52
48   08968162   53
48   08964832   54
48   08969834   55
48   08967144   56
48   00755440   57
48   08965614   58
48   08969867   59
48   08966998   60
48   08946034   61
48   08969845   62
48   08964826   63
48   08968994   64
48   08973854   65
48   08966303   66
48   08963204   67
48   08967449   68
48   08968167   69
48   08967576   70
48   08970452   71
48   08946506   72
48   08968173   73
48   08966550   74
48   08970457   75
48   08969825   76
48   08964825   77
48   08969328   78
48   08966635   79
48   08970983   80
48   00645779   81
48   08969386   82
48   08970975   83
48   08966140   84
48   00755402   85
48   08963280   86
48   08968157   87
48   08966790   88
48   08966811   89
48   08969319   90
48   08966175   91
48   08970977   92
48   00755421   93
48   08969309   94
48   08968169   95
48   00124557   96
48   08968160   97
48   00755422   98
48   08966126   99
48   00755404   100
49   00084363   1
49   00660313   2
49   00059705   3
49   01507327   4
49   01269855   5
49   01269849   6
49   01142742   7
49   01145606   8
49   01142725   9
49   00150041   10
49   00660314   11
49   01145610   12
49   00735725   13
49   01507325   14
49   00591364   15
49   00151221   16
49   00786892   17
49   00076910   18
49   00587518   19
49   00150052   20
49   00583593   21
49   06256481   22
49   00591365   23
49   01269852   24
49   01505542   25
49   01475218   26
49   01142726   27
49   01144283   28
49   01144282   29
49   06256479   30
49   00591401   31
49   00583329   32
49   01264177   33
49   00149237   34
49   00102854   35
49   00656678   36
49   01505543   37
49   00151340   38
49   01507324   39
49   01474963   40
49   00151010   41
49   01506824   42
49   00151689   43
49   00151226   44
49   01478777   45
49   00150538   46
49   01474998   47
49   01145746   48
49   01475214   49
49   00811490   50
49   00591361   51
49   00151223   52
49   00809945   53
49   01475121   54
49   06256522   55
49   00811509   56
49   00102921   57
49   00059708   58
49   00811569   59
49   01474683   60
49   00151219   61
49   00811529   62
49   00065504   63
49   00812631   64
49   00151224   65
49   00810070   66
49   06272774   67
49   00810078   68
49   00810074   69
49   00151225   70
49   00810975   71
49   00151364   72
49   00810093   73
49   01474492   74
49   00809475   75
49   01476034   76
49   00810654   77
49   01475932   78
49   01264176   79
49   01506853   80
49   00812652   81
49   01506854   82
49   01506848   83
49   00151230   84
49   01264178   85
49   01476042   86
49   00083119   87
49   01476033   88
49   00656692   89
49   00656694   90
49   00086606   91
49   01475029   92
49   01478782   93
49   01474487   94
49   01474488   95
49   01505545   96
49   01475219   97
49   01474489   98
49   01475220   99
49   01506855   100
50   06253394   1
50   00140167   2
50   00695468   3
50   00141122   4
50   00932970   5
50   00062733   6
50   00121994   7
50   01358114   8
50   00104891   9
50   01433901   10
50   01368920   11
50   00061629   12
50   00104887   13
50   00009608   14
50   06170738   15
50   01492327   16
50   06253866   17
50   00061739   18
50   00695465   19
50   00779900   20
50   00084167   21
50   00644152   22
50   00121992   23
50   06253889   24
50   00723671   25
50   06253918   26
50   01498910   27
50   01161930   28
50   00009611   29
50   00779905   30
50   00139786   31
50   00113979   32
50   06170749   33
50   00101327   34
50   01078926   35
50   00121996   36
50   01020477   37
50   01161931   38
50   00010630   39
50   00139873   40
50   05928543   41
50   00006410   42
50   00076041   43
50   01492061   44
50   01358110   45
50   00917377   46
50   00119416   47
50   00139692   48
50   00141114   49
50   01389893   50
50   00084623   51
50   00123599   52
50   00101348   53
50   00113981   54
50   00887057   55
50   00865805   56
50   00119425   57
50   01358106   58
50   00107794   59
50   00009628   60
50   00059770   61
50   00006404   62
50   01383765   63
50   01383687   64
50   00059781   65
50   01362404   66
50   00062729   67
50   00074823   68
50   00006395   69
50   00139907   70
50   00707518   71
50   00006332   72
50   00077918   73
50   00010826   74
50   00792503   75
50   06253849   76
50   00140027   77
50   00009629   78
50   00006397   79
50   00006335   80
50   00707515   81
50   01385988   82
50   00946134   83
50   00121998   84
50   00104987   85
50   00887058   86
50   00874985   87
50   00143057   88
50   00121993   89
50   00123598   90
50   01386234   91
50   00824482   92
50   01316778   93
50   01383683   94
50   00139721   95
50   01316804   96
50   01386237   97
50   00814112   98
50   00102562   99
50   00062732   100