1   05983576   1
1   00923364   2
1   01291816   3
1   06133842   4
1   00745840   5
1   00131567   6
1   01320261   7
1   05983560   8
1   01322158   9
1   01315293   10
1   00938251   11
1   00095977   12
1   06229777   13
1   01314059   14
1   01315455   15
1   01180202   16
1   06004211   17
1   06189747   18
1   00785839   19
1   01169308   20
1   00059742   21
1   06229317   22
1   05983629   23
1   01249837   24
1   01508576   25
1   01455421   26
1   05983621   27
1   01070248   28
1   00065761   29
1   05983578   30
1   00923370   31
1   01291820   32
1   05983558   33
1   01315289   34
1   00078560   35
1   01320262   36
1   05983562   37
1   01322165   38
1   01315295   39
1   00938252   40
1   00642315   41
1   06229778   42
1   01314062   43
1   01180204   44
1   06004213   45
1   06189749   46
1   01072778   47
1   00823756   48
1   08946864   49
1   06229318   50
1   05983630   51
1   01249848   52
1   00068445   53
1   01441695   54
1   05983627   55
1   08967427   56
1   01251171   57
1   05983579   58
1   00923372   59
1   00107261   60
1   05983559   61
1   01315449   62
1   00131138   63
1   01320264   64
1   05983563   65
1   01322166   66
1   01315299   67
1   00938264   68
1   00659033   69
1   06229779   70
1   01314064   71
1   01180205   72
1   06004214   73
1   06189755   74
1   00634029   75
1   01171264   76
1   08967301   77
1   06229323   78
1   00713562   79
1   01249833   80
1   00078284   81
1   01440750   82
1   05983620   83
1   01070243   84
1   00627546   85
1   05983582   86
1   00923374   87
1   00106824   88
1   05983561   89
1   01315451   90
1   01361030   91
1   01320273   92
1   05983565   93
1   01322167   94
1   01315341   95
1   00938266   96
1   00829777   97
1   06226616   98
1   01314067   99
1   01180209   100
2   06262543   1
2   06263151   2
2   00613516   3
2   00814017   4
2   00873667   5
2   01470512   6
2   00000087   7
2   01042755   8
2   01000151   9
2   01181554   10
2   01059060   11
2   00882767   12
2   01206987   13
2   00137080   14
2   00603420   15
2   01096348   16
2   00860686   17
2   01053843   18
2   00144886   19
2   06263149   20
2   00083936   21
2   00836879   22
2   08973821   23
2   08974337   24
2   01488875   25
2   00699161   26
2   00065761   27
2   06262591   28
2   06263153   29
2   00613518   30
2   00814021   31
2   00873723   32
2   00979565   33
2   00000088   34
2   01216972   35
2   00597337   36
2   01181555   37
2   01059063   38
2   00998960   39
2   00979571   40
2   01042759   41
2   00603425   42
2   01096349   43
2   00860687   44
2   01053922   45
2   00088169   46
2   01030880   47
2   06276738   48
2   00836918   49
2   00069438   50
2   08974338   51
2   00014157   52
2   01201562   53
2   01251171   54
2   06262972   55
2   00102865   56
2   00613520   57
2   00814026   58
2   00873743   59
2   00979570   60
2   00000089   61
2   00657377   62
2   00597338   63
2   01181563   64
2   01059059   65
2   00998962   66
2   01216973   67
2   01216974   68
2   06152433   69
2   00920677   70
2   01243690   71
2   00086947   72
2   00929060   73
2   01030881   74
2   00006104   75
2   08965774   76
2   00078707   77
2   08974339   78
2   00100616   79
2   00699164   80
2   00627546   81
2   06262975   82
2   00613527   83
2   06283697   84
2   00873710   85
2   00000105   86
2   00658013   87
2   00597339   88
2   01181565   89
2   01059038   90
2   00998963   91
2   01231063   92
2   00150638   93
2   01367877   94
2   00920684   95
2   01243709   96
2   00952943   97
2   00088165   98
2   00014335   99
2   00000805   100
3   05853941   1
3   05909037   2
3   06220819   3
3   08970794   4
3   00082464   5
3   06121121   6
3   06046816   7
3   01396203   8
3   06101670   9
3   08945671   10
3   01019556   11
3   08967206   12
3   00101719   13
3   08963089   14
3   00114364   15
3   00115691   16
3   00111956   17
3   06103096   18
3   06058779   19
3   00065761   20
3   05853968   21
3   05909042   22
3   06220820   23
3   08945553   24
3   00120653   25
3   00712320   26
3   06078468   27
3   01396205   28
3   06101673   29
3   08971038   30
3   00603011   31
3   08970517   32
3   00102160   33
3   08964716   34
3   00114363   35
3   00115694   36
3   00111957   37
3   06103097   38
3   06058783   39
3   01251171   40
3   05853971   41
3   05909054   42
3   06220822   43
3   08945557   44
3   00120654   45
3   01242851   46
3   06078469   47
3   01396210   48
3   06101664   49
3   08971039   50
3   00654651   51
3   08968926   52
3   00010738   53
3   08970676   54
3   00114432   55
3   08946787   56
3   00111949   57
3   00691005   58
3   00646701   59
3   00627546   60
3   05853975   61
3   05909061   62
3   06220823   63
3   08946664   64
3   08964773   65
3   01242852   66
3   06158911   67
3   00670459   68
3   06101669   69
3   08971335   70
3   00654654   71
3   00012818   72
3   08973260   73
3   00012669   74
3   08965547   75
3   00111950   76
3   01255579   77
3   08967131   78
3   01251172   79
3   05853983   80
3   05909063   81
3   06220824   82
3   08946673   83
3   00010354   84
3   01242853   85
3   06115567   86
3   06087560   87
3   06101672   88
3   08971342   89
3   00654866   90
3   00014952   91
3   08973669   92
3   00012671   93
3   08970895   94
3   00112468   95
3   01379425   96
3   08965850   97
3   01261518   98
3   05853985   99
3   05909080   100
4   06098900   1
4   08970794   2
4   06022669   3
4   08967836   4
4   08973124   5
4   06147048   6
4   05981032   7
4   08971473   8
4   05853941   9
4   00015034   10
4   05855467   11
4   06033012   12
4   08965804   13
4   01248405   14
4   00708572   15
4   01156206   16
4   00065761   17
4   06098902   18
4   08945553   19
4   06022671   20
4   00113580   21
4   08973126   22
4   06147054   23
4   05981036   24
4   08971474   25
4   05853968   26
4   00015036   27
4   05855476   28
4   06033400   29
4   08967894   30
4   01248407   31
4   00708574   32
4   01156208   33
4   01251171   34
4   06098904   35
4   08945557   36
4   06022673   37
4   00113581   38
4   00129486   39
4   06147058   40
4   05981303   41
4   08971475   42
4   05853971   43
4   00134668   44
4   05855477   45
4   06033433   46
4   08967895   47
4   01252355   48
4   00709069   49
4   00998204   50
4   00627546   51
4   06098906   52
4   08946664   53
4   06022674   54
4   01206986   55
4   00920723   56
4   06147070   57
4   05981335   58
4   08971476   59
4   05853975   60
4   05986429   61
4   05855481   62
4   06033438   63
4   08966752   64
4   08965736   65
4   01276619   66
4   00998205   67
4   01251172   68
4   06098908   69
4   08946673   70
4   06022675   71
4   01206987   72
4   08966360   73
4   06147074   74
4   06187501   75
4   08971477   76
4   05853983   77
4   00680975   78
4   05855484   79
4   06098709   80
4   00791670   81
4   08972379   82
4   00658746   83
4   01073799   84
4   01261518   85
4   06098910   86
4   08946686   87
4   06022676   88
4   01206988   89
4   08973123   90
4   06147075   91
4   06187512   92
4   00974265   93
4   05853985   94
4   00680977   95
4   05855487   96
4   06153395   97
4   00064441   98
4   01225441   99
4   00658748   100
5   05853941   1
5   06203712   2
5   06189945   3
5   06283005   4
5   06273296   5
5   01015878   6
5   00701398   7
5   00000087   8
5   01255513   9
5   00134113   10
5   01225461   11
5   08966860   12
5   08970794   13
5   00950464   14
5   01248407   15
5   08967393   16
5   01256488   17
5   01025335   18
5   00801353   19
5   00794600   20
5   01225488   21
5   08946253   22
5   00070937   23
5   05998102   24
5   01085883   25
5   00065761   26
5   05853968   27
5   06203713   28
5   06189946   29
5   00667548   30
5   06273298   31
5   01016018   32
5   00701401   33
5   00000088   34
5   00701423   35
5   00134146   36
5   01225468   37
5   08965240   38
5   08945553   39
5   00076356   40
5   00958065   41
5   08972786   42
5   01256429   43
5   01025338   44
5   00803942   45
5   00794602   46
5   01225490   47
5   08966347   48
5   00059807   49
5   05998103   50
5   01085889   51
5   01251171   52
5   05853971   53
5   06203714   54
5   06189980   55
5   06282833   56
5   06273299   57
5   01016020   58
5   00701421   59
5   00000089   60
5   00769460   61
5   01414180   62
5   01225429   63
5   08966337   64
5   08945557   65
5   00077326   66
5   01195716   67
5   08972793   68
5   01256452   69
5   01270764   70
5   00795279   71
5   00794605   72
5   01344641   73
5   00094768   74
5   00099567   75
5   01010099   76
5   01085879   77
5   00627546   78
5   05853975   79
5   06203716   80
5   06189981   81
5   06282834   82
5   06273300   83
5   01016021   84
5   00701424   85
5   00000105   86
5   00735662   87
5   01403429   88
5   01225441   89
5   00102665   90
5   08946664   91
5   00077328   92
5   01237895   93
5   00091738   94
5   01256433   95
5   00813760   96
5   00933214   97
5   00861752   98
5   01344642   99
5   01205094   100
6   05983558   1
6   05983560   2
6   06292809   3
6   06293052   4
6   06256290   5
6   00148513   6
6   01343964   7
6   01249837   8
6   01313872   9
6   00131720   10
6   06134954   11
6   05983559   12
6   05983562   13
6   06293123   14
6   06293057   15
6   06256042   16
6   01314072   17
6   01025959   18
6   01249848   19
6   00677927   20
6   01307943   21
6   06134955   22
6   05983561   23
6   05983563   24
6   06292806   25
6   06293059   26
6   06256048   27
6   00637326   28
6   01025960   29
6   05983700   30
6   00688241   31
6   00078544   32
6   06134956   33
6   05983564   34
6   05983565   35
6   06293098   36
6   06256052   37
6   01221791   38
6   01025961   39
6   01249833   40
6   00689585   41
6   00093201   42
6   06134957   43
6   06256968   44
6   05983566   45
6   06293099   46
6   06256064   47
6   01277616   48
6   00677920   49
6   01249875   50
6   00622481   51
6   00097918   52
6   06134961   53
6   06256969   54
6   05983567   55
6   06293101   56
6   06256071   57
6   01277945   58
6   00771759   59
6   01260729   60
6   01343808   61
6   00097919   62
6   06134962   63
6   06256970   64
6   05983568   65
6   06293108   66
6   06256095   67
6   01277946   68
6   00771760   69
6   05983698   70
6   01343894   71
6   00097935   72
6   06134964   73
6   06256974   74
6   05983576   75
6   06293111   76
6   06257630   77
6   01277948   78
6   00792107   79
6   05983703   80
6   01323398   81
6   00131389   82
6   06134965   83
6   06133842   84
6   05983578   85
6   06293113   86
6   06257631   87
6   01277950   88
6   01016128   89
6   06257045   90
6   01313846   91
6   00131740   92
6   06134967   93
6   05983579   94
6   06257632   95
6   01277951   96
6   01121283   97
6   00738502   98
6   00685866   99
6   00151546   100
7   06299287   1
7   06209632   2
7   06241320   3
7   01205094   4
7   05982810   5
7   00995744   6
7   01364941   7
7   06234637   8
7   00794431   9
7   00010354   10
7   01363461   11
7   06039386   12
7   00664423   13
7   00728202   14
7   00612366   15
7   01346728   16
7   01206999   17
7   06209667   18
7   00585211   19
7   00804595   20
7   05998471   21
7   01001836   22
7   06241423   23
7   00065761   24
7   06017969   25
7   06209633   26
7   06241324   27
7   01205140   28
7   05982812   29
7   00995745   30
7   01364964   31
7   06234651   32
7   00794450   33
7   00010357   34
7   01363462   35
7   06039391   36
7   00664425   37
7   00727527   38
7   00612367   39
7   01316241   40
7   01217013   41
7   06209669   42
7   01009395   43
7   00804598   44
7   05998472   45
7   01001838   46
7   06241429   47
7   01251171   48
7   06209634   49
7   06241330   50
7   01205142   51
7   05982821   52
7   00995746   53
7   01364962   54
7   06234654   55
7   00794449   56
7   00010358   57
7   01363498   58
7   06039401   59
7   00664426   60
7   00727529   61
7   00616206   62
7   01316251   63
7   01232634   64
7   00863090   65
7   01012322   66
7   00745168   67
7   05998474   68
7   01001839   69
7   06039398   70
7   00627546   71
7   06209636   72
7   06241333   73
7   01205144   74
7   05982823   75
7   00995747   76
7   01364943   77
7   06234662   78
7   00794454   79
7   00009660   80
7   01363454   81
7   06039756   82
7   00692571   83
7   00727532   84
7   00624671   85
7   01316296   86
7   01322165   87
7   00863123   88
7   01012331   89
7   00745170   90
7   05998516   91
7   01001837   92
7   06238635   93
7   01251172   94
7   06209637   95
7   06241334   96
7   01205145   97
7   05982827   98
7   00995743   99
7   01364966   100
8   08970857   1
8   08970794   2
8   08974413   3
8   06209284   4
8   00944359   5
8   08964765   6
8   08962986   7
8   00944404   8
8   01060741   9
8   08946798   10
8   00115579   11
8   00142890   12
8   08945954   13
8   00014888   14
8   00729241   15
8   00115002   16
8   00591568   17
8   00615285   18
8   08970265   19
8   00099888   20
8   01337513   21
8   08946899   22
8   08969159   23
8   08966555   24
8   00944363   25
8   00065761   26
8   08971310   27
8   08945553   28
8   08974414   29
8   06209286   30
8   00944360   31
8   08964914   32
8   08969910   33
8   00944405   34
8   01060742   35
8   08966011   36
8   00115580   37
8   00142916   38
8   08946074   39
8   00014895   40
8   00729240   41
8   00150981   42
8   00591570   43
8   00801715   44
8   08964892   45
8   00099889   46
8   06133885   47
8   08965588   48
8   08969168   49
8   08966574   50
8   00944364   51
8   01251171   52
8   08966344   53
8   08945557   54
8   08974415   55
8   06208757   56
8   00944361   57
8   08965629   58
8   00944406   59
8   01060743   60
8   08967206   61
8   00115581   62
8   00149432   63
8   08946252   64
8   00014897   65
8   00729242   66
8   00150982   67
8   00755502   68
8   00951865   69
8   08964894   70
8   00590195   71
8   01337494   72
8   08967062   73
8   00084906   74
8   08966577   75
8   08967592   76
8   00627546   77
8   08973246   78
8   08946664   79
8   08974416   80
8   06208759   81
8   08966197   82
8   00944407   83
8   01060744   84
8   08968923   85
8   00115582   86
8   00149433   87
8   08946496   88
8   00014898   89
8   08970961   90
8   00755505   91
8   01039311   92
8   08965294   93
8   00590196   94
8   01337508   95
8   08967065   96
8   00105378   97
8   08965083   98
8   08968095   99
8   01251172   100
9   01202958   1
9   06002185   2
9   01470512   3
9   00085117   4
9   06203028   5
9   01074782   6
9   05856456   7
9   01226189   8
9   00854555   9
9   06203009   10
9   06026516   11
9   08973461   12
9   01329213   13
9   06168270   14
9   05833224   15
9   08945945   16
9   08966946   17
9   01246154   18
9   05856654   19
9   05852025   20
9   06142515   21
9   08972327   22
9   00148953   23
9   01025984   24
9   00065761   25
9   01202962   26
9   06002189   27
9   00979565   28
9   06203033   29
9   01074783   30
9   05856459   31
9   06102367   32
9   00854560   33
9   06203070   34
9   06026517   35
9   08973462   36
9   01329082   37
9   06168277   38
9   05833225   39
9   06202956   40
9   08968992   41
9   01246156   42
9   05856658   43
9   05856464   44
9   06142523   45
9   01331650   46
9   00148954   47
9   01025985   48
9   01251171   49
9   01202967   50
9   06002190   51
9   00979570   52
9   01074784   53
9   05856461   54
9   06102370   55
9   00854557   56
9   06026791   57
9   08973463   58
9   01329083   59
9   06168409   60
9   00058835   61
9   00148793   62
9   08972869   63
9   01246203   64
9   05857090   65
9   00086762   66
9   06142528   67
9   01331814   68
9   08968896   69
9   01025986   70
9   00627546   71
9   01202974   72
9   06002194   73
9   00979571   74
9   01074818   75
9   05856462   76
9   06102374   77
9   01225412   78
9   06026936   79
9   00079190   80
9   01329085   81
9   05986300   82
9   06102760   83
9   00636459   84
9   08964549   85
9   01246205   86
9   05857091   87
9   00632606   88
9   06142535   89
9   08969118   90
9   01348007   91
9   01025989   92
9   01251172   93
9   01202985   94
9   06002195   95
9   01083445   96
9   01074819   97
9   05856467   98
9   01226198   99
9   01473526   100
10   06152144   1
10   01320008   2
10   01442527   3
10   00673761   4
10   01359921   5
10   06152764   6
10   05821526   7
10   05998468   8
10   01359961   9
10   00672950   10
10   06039386   11
10   01398972   12
10   06152145   13
10   01320011   14
10   06152765   15
10   00673763   16
10   01359926   17
10   06152767   18
10   05821559   19
10   05998448   20
10   01359964   21
10   00672956   22
10   06039391   23
10   01359973   24
10   06152149   25
10   01320036   26
10   00673771   27
10   01359928   28
10   05821564   29
10   05998504   30
10   01184342   31
10   00672978   32
10   06039401   33
10   06152780   34
10   01320047   35
10   00672941   36
10   01359929   37
10   05821567   38
10   05998506   39
10   01352943   40
10   00672982   41
10   06039756   42
10   06152781   43
10   00113178   44
10   00673035   45
10   01359931   46
10   05821569   47
10   00120310   48
10   00664297   49
10   00672988   50
10   06039783   51
10   06152783   52
10   00669061   53
10   00673765   54
10   01359932   55
10   05821570   56
10   01464892   57
10   00995752   58
10   00673013   59
10   06039805   60
10   06152785   61
10   00669066   62
10   00673766   63
10   01359934   64
10   05821575   65
10   01464903   66
10   00995754   67
10   00673016   68
10   06039807   69
10   06152786   70
10   00674016   71
10   01122154   72
10   01359935   73
10   05821576   74
10   01464906   75
10   01352336   76
10   00673023   77
10   06039812   78
10   06152787   79
10   00674020   80
10   01122155   81
10   01359941   82
10   05821578   83
10   00058234   84
10   01352337   85
10   00673024   86
10   06040008   87
10   00674033   88
10   05821701   89
10   01359958   90
10   05821580   91
10   00058237   92
10   01352414   93
10   00673028   94
10   06040106   95
10   00685366   96
10   05821581   97
10   01352993   98
10   00672953   99
10   06039940   100
11   01513747   1
11   08970794   2
11   00113267   3
11   01121502   4
11   08973461   5
11   08946977   6
11   00129821   7
11   01082228   8
11   00781674   9
11   00854745   10
11   01401499   11
11   00118877   12
11   00010911   13
11   08965110   14
11   00079670   15
11   08946922   16
11   00117168   17
11   00014596   18
11   00079399   19
11   08966032   20
11   00069214   21
11   08945908   22
11   08973056   23
11   00107833   24
11   00082958   25
11   00114607   26
11   00080722   27
11   00010782   28
11   00114075   29
11   00081813   30
11   00065761   31
11   00077094   32
11   08945553   33
11   00117960   34
11   06211402   35
11   08973462   36
11   08966318   37
11   00114898   38
11   01082238   39
11   00781592   40
11   00854746   41
11   01401500   42
11   00119322   43
11   00085597   44
11   08965151   45
11   00080780   46
11   08966438   47
11   00118430   48
11   00082567   49
11   00079689   50
11   08966037   51
11   00146694   52
11   08966946   53
11   01205660   54
11   00107832   55
11   00114780   56
11   00114917   57
11   00083184   58
11   00075975   59
11   00113303   60
11   00082318   61
11   01251171   62
11   00110903   63
11   08945557   64
11   00882952   65
11   00119605   66
11   08973463   67
11   00108884   68
11   01366490   69
11   00636356   70
11   00781669   71
11   00854747   72
11   01401502   73
11   00119584   74
11   00006829   75
11   08966378   76
11   00080549   77
11   00107014   78
11   00118496   79
11   00113185   80
11   00080522   81
11   08973864   82
11   08966752   83
11   08972378   84
11   01377516   85
11   00108561   86
11   00119227   87
11   00650936   88
11   00079393   89
11   00098062   90
11   00083095   91
11   00082288   92
11   00627546   93
11   00119479   94
11   08946664   95
11   00006781   96
11   00070754   97
11   00079190   98
11   00115385   99
11   00847365   100
12   00141551   1
12   00069131   2
12   00058745   3
12   00134691   4
12   00134710   5
12   08973876   6
12   00141417   7
12   00642227   8
12   08968949   9
12   00014945   10
12   08967311   11
12   00151704   12
12   08946186   13
12   00061636   14
12   00121995   15
12   00058623   16
12   00091298   17
12   00077556   18
12   08969500   19
12   00591607   20
12   00112397   21
12   00078421   22
12   00011060   23
12   00065718   24
12   00080586   25
12   00080968   26
12   00111725   27
12   00008708   28
12   00134723   29
12   00085033   30
12   00065761   31
12   00141139   32
12   00069143   33
12   00066873   34
12   00134693   35
12   00058395   36
12   08969070   37
12   00141399   38
12   00697563   39
12   00065621   40
12   00014919   41
12   06063159   42
12   01465956   43
12   08946187   44
12   00073079   45
12   00122003   46
12   00058589   47
12   00091320   48
12   00075504   49
12   00108268   50
12   00006769   51
12   00112423   52
12   00078444   53
12   00011051   54
12   00065717   55
12   00120104   56
12   00108646   57
12   00111947   58
12   00008713   59
12   00006201   60
12   00085612   61
12   01251171   62
12   01266454   63
12   00069119   64
12   00058737   65
12   00134679   66
12   00100908   67
12   08971646   68
12   00141388   69
12   00720452   70
12   00085488   71
12   08973380   72
12   06063178   73
12   00979539   74
12   08946193   75
12   00077093   76
12   00121765   77
12   00102399   78
12   00104700   79
12   00066695   80
12   08966322   81
12   00067082   82
12   00112141   83
12   00078416   84
12   00010044   85
12   00065724   86
12   00069920   87
12   00097870   88
12   00111948   89
12   00008736   90
12   00007681   91
12   00084858   92
12   00627546   93
12   01266455   94
12   00069121   95
12   00058783   96
12   00134685   97
12   00100912   98
12   08964843   99
12   00141415   100
13   08969489   1
13   08974242   2
13   08974665   3
13   08963089   4
13   08963337   5
13   01132322   6
13   06098900   7
13   08963336   8
13   08971241   9
13   08945971   10
13   08973586   11
13   08964940   12
13   08967531   13
13   08945776   14
13   08974140   15
13   08972189   16
13   08967969   17
13   08964953   18
13   08973730   19
13   08969492   20
13   08974144   21
13   00010516   22
13   08965439   23
13   08946082   24
13   08973804   25
13   00067970   26
13   00065761   27
13   08974143   28
13   00650597   29
13   08973260   30
13   08965507   31
13   01132324   32
13   06098902   33
13   08964566   34
13   08972070   35
13   08946233   36
13   08946494   37
13   08967535   38
13   08964867   39
13   08974243   40
13   08972194   41
13   08966900   42
13   08969522   43
13   08969488   44
13   08969634   45
13   08974145   46
13   00010518   47
13   08965923   48
13   08946090   49
13   08973805   50
13   00067969   51
13   01251171   52
13   08974263   53
13   00013814   54
13   08945946   55
13   08965519   56
13   01132325   57
13   06098904   58
13   08966033   59
13   08972071   60
13   08963321   61
13   08946498   62
13   08967538   63
13   08964922   64
13   08969616   65
13   08972195   66
13   08966902   67
13   08973696   68
13   08973733   69
13   00010520   70
13   08970284   71
13   08946092   72
13   08973807   73
13   08973749   74
13   00627546   75
13   08974272   76
13   00134691   77
13   08946581   78
13   01132326   79
13   06098906   80
13   08969541   81
13   08974254   82
13   08965418   83
13   08964614   84
13   00071817   85
13   08965379   86
13   08974249   87
13   08972196   88
13   08969138   89
13   08966440   90
13   08973735   91
13   00010522   92
13   08965442   93
13   08946513   94
13   08973808   95
13   00125201   96
13   01251172   97
13   08974273   98
13   00141854   99
13   08946585   100
14   08969269   1
14   08969782   2
14   08966642   3
14   08970358   4
14   08966556   5
14   08969298   6
14   08969232   7
14   08970961   8
14   08970407   9
14   08970360   10
14   08970409   11
14   08966574   12
14   08970391   13
14   08967688   14
14   08969231   15
14   08970582   16
14   08946054   17
14   08962866   18
14   08946938   19
14   08965010   20
14   08969723   21
14   00979535   22
14   08945980   23
14   08965760   24
14   08969271   25
14   08970363   26
14   08966557   27
14   08969301   28
14   08969243   29
14   08970964   30
14   08970429   31
14   08970377   32
14   08970410   33
14   08966577   34
14   08970394   35
14   08967691   36
14   00702604   37
14   08970580   38
14   08946175   39
14   08970443   40
14   08970573   41
14   08966896   42
14   08969245   43
14   00980263   44
14   08965813   45
14   08969272   46
14   08970405   47
14   08970367   48
14   08969303   49
14   08969214   50
14   08970966   51
14   08970431   52
14   08970386   53
14   08965083   54
14   08970396   55
14   08946899   56
14   00702607   57
14   00755360   58
14   08946177   59
14   00080866   60
14   08945846   61
14   08945556   62
14   00101268   63
14   08967824   64
14   08969277   65
14   08966561   66
14   08969811   67
14   08969240   68
14   08970967   69
14   08970436   70
14   08966595   71
14   08965085   72
14   08970414   73
14   08965588   74
14   00702647   75
14   00755381   76
14   08946178   77
14   00073944   78
14   08970157   79
14   08945569   80
14   00980264   81
14   08969416   82
14   08969279   83
14   08970465   84
14   08970930   85
14   08969259   86
14   08970969   87
14   08970440   88
14   08970389   89
14   08965086   90
14   08966550   91
14   08967062   92
14   08946924   93
14   08946531   94
14   00073971   95
14   00755406   96
14   08945570   97
14   00980268   98
14   08946489   99
14   08969335   100
15   00980023   1
15   00914644   2
15   06178521   3
15   00101268   4
15   08963233   5
15   00698013   6
15   00123023   7
15   08945740   8
15   08974164   9
15   01012766   10
15   08970794   11
15   01254068   12
15   08964767   13
15   00109199   14
15   00007859   15
15   00632126   16
15   00980271   17
15   05858271   18
15   00912943   19
15   01250798   20
15   00130767   21
15   00791073   22
15   00081649   23
15   00144252   24
15   00079083   25
15   01126038   26
15   05843362   27
15   00146069   28
15   01401967   29
15   00129401   30
15   00065761   31
15   00980005   32
15   00918017   33
15   06178522   34
15   00008855   35
15   08963293   36
15   00698007   37
15   00101047   38
15   08967034   39
15   08974193   40
15   01012765   41
15   08945553   42
15   01254136   43
15   08969126   44
15   08945619   45
15   00008126   46
15   00632127   47
15   00980268   48
15   05858281   49
15   00912945   50
15   01252020   51
15   00130771   52
15   00791074   53
15   00081651   54
15   00980243   55
15   01443238   56
15   00783312   57
15   06090296   58
15   00078192   59
15   06154290   60
15   00147756   61
15   01251171   62
15   00918020   63
15   06178527   64
15   00008860   65
15   08966787   66
15   00698012   67
15   01253108   68
15   08971712   69
15   08974194   70
15   00008844   71
15   08945557   72
15   01254130   73
15   08970354   74
15   08945621   75
15   00068259   76
15   01211549   77
15   08964791   78
15   05856405   79
15   01035866   80
15   01254763   81
15   00755401   82
15   00791075   83
15   00092063   84
15   00071748   85
15   00151181   86
15   06067983   87
15   01424367   88
15   00109143   89
15   06154314   90
15   00140611   91
15   00627546   92
15   00918047   93
15   06178529   94
15   01516327   95
15   08969037   96
15   00698006   97
15   01253898   98
15   08971713   99
15   08974199   100
16   08967138   1
16   08965230   2
16   08966173   3
16   08946303   4
16   08946600   5
16   08969744   6
16   08963206   7
16   08974538   8
16   08963280   9
16   08963283   10
16   08966631   11
16   08974536   12
16   08946298   13
16   00119400   14
16   00095495   15
16   01303077   16
16   08965868   17
16   08967162   18
16   08966290   19
16   08966156   20
16   08967157   21
16   08945809   22
16   08946664   23
16   08946362   24
16   08972057   25
16   00065761   26
16   08967143   27
16   08967589   28
16   08966179   29
16   08946870   30
16   08968178   31
16   08969742   32
16   08963208   33
16   08974539   34
16   08965951   35
16   08969818   36
16   08966634   37
16   08974537   38
16   08970755   39
16   00905895   40
16   00141533   41
16   01394217   42
16   08967243   43
16   08972056   44
16   08966304   45
16   08966180   46
16   08966146   47
16   08964851   48
16   08946657   49
16   08965321   50
16   08972058   51
16   01251171   52
16   08967146   53
16   08967603   54
16   08966184   55
16   08968181   56
16   08969768   57
16   08963209   58
16   08974540   59
16   08963281   60
16   08969823   61
16   08965369   62
16   00141537   63
16   01394208   64
16   08972391   65
16   08968176   66
16   00134711   67
16   08966126   68
16   06214395   69
16   08965947   70
16   08946659   71
16   00627546   72
16   08967148   73
16   08967605   74
16   08967058   75
16   08969990   76
16   08946511   77
16   08963210   78
16   08974541   79
16   00679741   80
16   08969789   81
16   08966218   82
16   01374200   83
16   08945687   84
16   08946904   85
16   08966144   86
16   01263362   87
16   08946682   88
16   01251172   89
16   08967149   90
16   08967168   91
16   08970687   92
16   08969740   93
16   08967214   94
16   00679742   95
16   08966633   96
16   08966651   97
16   01398890   98
16   08946831   99
16   08964814   100
17   06240846   1
17   06237427   2
17   06240534   3
17   01244070   4
17   06238248   5
17   06240350   6
17   06222274   7
17   01470512   8
17   06240243   9
17   01281558   10
17   06238344   11
17   01281613   12
17   06282490   13
17   01237215   14
17   08969009   15
17   00926007   16
17   01244055   17
17   00744460   18
17   00910117   19
17   01186002   20
17   05980723   21
17   06238253   22
17   00906963   23
17   06064458   24
17   00115194   25
17   00006383   26
17   06235872   27
17   01068211   28
17   00065761   29
17   01244091   30
17   06239771   31
17   06240536   32
17   01283439   33
17   06238249   34
17   06240351   35
17   06222275   36
17   00979565   37
17   06240247   38
17   01281560   39
17   06238346   40
17   01281619   41
17   06282495   42
17   01237212   43
17   08972312   44
17   00926016   45
17   01244068   46
17   00744461   47
17   00910130   48
17   01186003   49
17   05980724   50
17   06238254   51
17   00906987   52
17   06064460   53
17   00889443   54
17   00081324   55
17   06238222   56
17   01068212   57
17   01251171   58
17   01244172   59
17   06240155   60
17   01244109   61
17   06238250   62
17   06240378   63
17   06222281   64
17   00979570   65
17   06240255   66
17   01281564   67
17   06299786   68
17   01281632   69
17   06282499   70
17   01237711   71
17   01353571   72
17   00926022   73
17   01244069   74
17   00744463   75
17   00910094   76
17   01186004   77
17   06018151   78
17   01281645   79
17   00907103   80
17   06064461   81
17   00962163   82
17   06294720   83
17   06238224   84
17   01068220   85
17   00627546   86
17   06240159   87
17   01244169   88
17   06238228   89
17   06240380   90
17   06222294   91
17   00979571   92
17   06240276   93
17   01281567   94
17   01281638   95
17   06282504   96
17   01237513   97
17   01471300   98
17   00926061   99
17   01244210   100
18   00110245   1
18   01294992   2
18   00942891   3
18   01201133   4
18   01296357   5
18   00951106   6
18   00124414   7
18   01038790   8
18   08970794   9
18   01296428   10
18   01025992   11
18   00110278   12
18   00064970   13
18   00951022   14
18   00614270   15
18   01481886   16
18   01296448   17
18   01284113   18
18   01415140   19
18   00066907   20
18   00013326   21
18   00058451   22
18   01462963   23
18   08973765   24
18   00110282   25
18   00063674   26
18   00620110   27
18   00769507   28
18   01059899   29
18   00065761   30
18   00110273   31
18   01294996   32
18   00944271   33
18   00624058   34
18   01296359   35
18   08965272   36
18   01295954   37
18   08945553   38
18   00886005   39
18   00066933   40
18   00065532   41
18   00951023   42
18   00750403   43
18   01296455   44
18   01284115   45
18   01415300   46
18   00064955   47
18   00086809   48
18   00065383   49
18   01462995   50
18   00888005   51
18   00110253   52
18   00058389   53
18   00620111   54
18   01277991   55
18   01270338   56
18   01251171   57
18   01294593   58
18   01262508   59
18   01207085   60
18   01296361   61
18   00008730   62
18   01296414   63
18   08945557   64
18   00942901   65
18   01296405   66
18   00065542   67
18   00951103   68
18   00750404   69
18   01296458   70
18   01284118   71
18   01415138   72
18   00064972   73
18   00000957   74
18   00078846   75
18   00988303   76
18   00888008   77
18   00008466   78
18   00058393   79
18   00620112   80
18   01277992   81
18   01295955   82
18   00627546   83
18   01294594   84
18   01262543   85
18   01336317   86
18   01296362   87
18   00008988   88
18   01296419   89
18   08946664   90
18   00944279   91
18   01061682   92
18   00065516   93
18   00750405   94
18   01295957   95
18   01284119   96
18   01415139   97
18   00066915   98
18   00059414   99
18   00087729   100
19   05845903   1
19   00678803   2
19   01310972   3
19   01350515   4
19   01184184   5
19   01311005   6
19   06122921   7
19   08967240   8
19   00104886   9
19   05845907   10
19   00946584   11
19   00067224   12
19   05948698   13
19   00649076   14
19   00732124   15
19   00594698   16
19   01206996   17
19   01217028   18
19   05964786   19
19   00664937   20
19   06141428   21
19   00660985   22
19   01139564   23
19   00992534   24
19   00961866   25
19   01248302   26
19   00650605   27
19   00065761   28
19   05845904   29
19   00678813   30
19   01310981   31
19   05949102   32
19   01184186   33
19   01311014   34
19   00117916   35
19   08970493   36
19   00105389   37
19   05845908   38
19   00946590   39
19   00067227   40
19   05948783   41
19   00649077   42
19   00732125   43
19   00594702   44
19   01217012   45
19   01246607   46
19   05964789   47
19   00664944   48
19   06141432   49
19   00659470   50
19   01139566   51
19   00810669   52
19   00961871   53
19   01248305   54
19   00941975   55
19   01251171   56
19   05845905   57
19   00678833   58
19   01310982   59
19   05946770   60
19   01184188   61
19   01311016   62
19   00119831   63
19   08974693   64
19   00106222   65
19   05845910   66
19   00946593   67
19   00066340   68
19   05948813   69
19   00649078   70
19   00732126   71
19   00594704   72
19   01312252   73
19   01247851   74
19   05964719   75
19   01182882   76
19   06141414   77
19   00659473   78
19   01139926   79
19   00985188   80
19   00662923   81
19   01248307   82
19   00941976   83
19   00627546   84
19   05845906   85
19   00678835   86
19   05948943   87
19   01184189   88
19   01311006   89
19   00839583   90
19   08965797   91
19   00935506   92
19   05845911   93
19   00946610   94
19   00067032   95
19   01151946   96
19   00649079   97
19   01404975   98
19   00594705   99
19   00805998   100
20   06238311   1
20   06149028   2
20   06238290   3
20   08970794   4
20   06163049   5
20   01255271   6
20   01013138   7
20   06023946   8
20   06163043   9
20   06041043   10
20   05976091   11
20   06189747   12
20   01216230   13
20   06163119   14
20   01255274   15
20   06299112   16
20   06238313   17
20   06163058   18
20   06098718   19
20   00756628   20
20   08966290   21
20   01206532   22
20   08963233   23
20   00097548   24
20   01002115   25
20   06149032   26
20   01255275   27
20   06040971   28
20   00065761   29
20   06238318   30
20   06149130   31
20   06238291   32
20   08945553   33
20   06040831   34
20   01255273   35
20   01013196   36
20   06023977   37
20   06163295   38
20   06041045   39
20   05976092   40
20   06189749   41
20   01216249   42
20   06149299   43
20   01255294   44
20   06299361   45
20   06238314   46
20   01316315   47
20   00756631   48
20   08966304   49
20   01206540   50
20   08963293   51
20   00097542   52
20   01002121   53
20   06149049   54
20   01255292   55
20   06040972   56
20   01251171   57
20   06238320   58
20   06149308   59
20   06238292   60
20   08945557   61
20   06040875   62
20   01029251   63
20   06023979   64
20   06149585   65
20   06041054   66
20   05976380   67
20   06189755   68
20   01216251   69
20   06149549   70
20   06238270   71
20   06299403   72
20   06238315   73
20   01318584   74
20   00756585   75
20   00134711   76
20   01206531   77
20   08966787   78
20   00097543   79
20   01144708   80
20   06040275   81
20   01255268   82
20   05858876   83
20   00627546   84
20   06238321   85
20   06149400   86
20   06238293   87
20   08946664   88
20   06040876   89
20   01029252   90
20   06023992   91
20   06149592   92
20   06301133   93
20   06040494   94
20   06189756   95
20   01216268   96
20   06149558   97
20   06238273   98
20   06300010   99
20   01318585   100
21   00825434   1
21   01019556   2
21   00893204   3
21   00830670   4
21   00826662   5
21   00826787   6
21   01069466   7
21   01305072   8
21   01477820   9
21   06041085   10
21   00826800   11
21   00977125   12
21   01042755   13
21   00150617   14
21   00892743   15
21   01068838   16
21   08965057   17
21   01222352   18
21   01045683   19
21   00826780   20
21   00826742   21
21   00806503   22
21   00613369   23
21   01062518   24
21   08945689   25
21   00785044   26
21   00626126   27
21   08972605   28
21   00069569   29
21   00134710   30
21   00065761   31
21   01395974   32
21   00603011   33
21   00893224   34
21   00830671   35
21   00826641   36
21   00826759   37
21   01069480   38
21   01305073   39
21   01477792   40
21   06102367   41
21   00826803   42
21   00977145   43
21   01216972   44
21   00704344   45
21   00892764   46
21   08964956   47
21   08972068   48
21   00928425   49
21   01045559   50
21   00826802   51
21   00826746   52
21   00825963   53
21   00711224   54
21   01062368   55
21   00708572   56
21   00637631   57
21   00941037   58
21   00123799   59
21   00788511   60
21   00135403   61
21   01251171   62
21   00825390   63
21   00654651   64
21   00893243   65
21   00830673   66
21   00826642   67
21   00826783   68
21   01069482   69
21   01305510   70
21   01477791   71
21   06102370   72
21   00826806   73
21   00977909   74
21   00657377   75
21   08966478   76
21   01268032   77
21   08967406   78
21   08973433   79
21   00928426   80
21   00826814   81
21   00826844   82
21   00825967   83
21   00905977   84
21   01062369   85
21   00708574   86
21   00699161   87
21   00941043   88
21   00123801   89
21   00846237   90
21   08963223   91
21   00627546   92
21   00825435   93
21   00654654   94
21   00893247   95
21   00830674   96
21   00826643   97
21   00826785   98
21   01069483   99
21   01305511   100
22   05872222   1
22   06277145   2
22   06041085   3
22   05982459   4
22   06280848   5
22   00083173   6
22   06279184   7
22   06304677   8
22   01316389   9
22   06280843   10
22   05997973   11
22   01252358   12
22   00147785   13
22   00010354   14
22   00010264   15
22   06103197   16
22   08967351   17
22   01265042   18
22   05982417   19
22   01357567   20
22   00134214   21
22   06279485   22
22   06280839   23
22   06279281   24
22   05997926   25
22   06142515   26
22   00065761   27
22   05872228   28
22   06277198   29
22   06102367   30
22   05982411   31
22   06280849   32
22   00001299   33
22   06279365   34
22   06304678   35
22   01315820   36
22   06153564   37
22   00006681   38
22   00010978   39
22   00010357   40
22   00010265   41
22   06103258   42
22   00059781   43
22   00821722   44
22   05982421   45
22   01357589   46
22   00134216   47
22   05879165   48
22   06279477   49
22   05997928   50
22   06142523   51
22   01251171   52
22   05872233   53
22   06277206   54
22   06102370   55
22   05982414   56
22   06102676   57
22   00001300   58
22   06279418   59
22   06304682   60
22   01315823   61
22   00067365   62
22   00064410   63
22   00010358   64
22   00130073   65
22   06103267   66
22   01275848   67
22   01418129   68
22   01097372   69
22   01357552   70
22   00134408   71
22   06142489   72
22   05878938   73
22   06142528   74
22   00627546   75
22   05872235   76
22   06277210   77
22   06102374   78
22   05982415   79
22   06102716   80
22   00001307   81
22   06279420   82
22   06304725   83
22   01315824   84
22   00085992   85
22   00074511   86
22   00009660   87
22   00130076   88
22   06103280   89
22   00000814   90
22   01055588   91
22   01097374   92
22   01357554   93
22   01011380   94
22   05857171   95
22   05879007   96
22   06142535   97
22   01251172   98
22   05872241   99
22   06277216   100
23   00932109   1
23   05842402   2
23   00929434   3
23   00104206   4
23   00929427   5
23   00941303   6
23   06186123   7
23   00077005   8
23   00927925   9
23   00620364   10
23   00077501   11
23   00615744   12
23   01250368   13
23   00102190   14
23   00077004   15
23   01206988   16
23   01206987   17
23   01042755   18
23   00610228   19
23   01069760   20
23   00075875   21
23   00928104   22
23   00102897   23
23   00615880   24
23   01129638   25
23   00070834   26
23   00109581   27
23   01520542   28
23   00065761   29
23   00932110   30
23   05842404   31
23   00929444   32
23   00109459   33
23   00929428   34
23   01022825   35
23   06183755   36
23   00796517   37
23   00927963   38
23   00620348   39
23   00077510   40
23   00615745   41
23   00123242   42
23   00855035   43
23   00712320   44
23   00979570   45
23   00979571   46
23   01216972   47
23   00615304   48
23   01069778   49
23   00120686   50
23   00928125   51
23   00102896   52
23   00615509   53
23   00596469   54
23   00091598   55
23   00109582   56
23   01520559   57
23   01251171   58
23   00932111   59
23   05842407   60
23   00929445   61
23   00109572   62
23   00929478   63
23   00133131   64
23   06183769   65
23   00685053   66
23   00927964   67
23   00620345   68
23   00077511   69
23   00615746   70
23   00690507   71
23   01250370   72
23   00796519   73
23   01042753   74
23   01216973   75
23   00657377   76
23   01121844   77
23   01069823   78
23   00658669   79
23   01273939   80
23   00138790   81
23   00615512   82
23   00616640   83
23   00096615   84
23   08969326   85
23   01520544   86
23   00627546   87
23   00932112   88
23   05842524   89
23   00929446   90
23   00109576   91
23   00929480   92
23   01499097   93
23   06183825   94
23   00836740   95
23   00927923   96
23   00620378   97
23   00112166   98
23   00764183   99
23   00802491   100
24   08969298   1
24   06046816   2
24   00109427   3
24   08969269   4
24   08969232   5
24   08946554   6
24   06056028   7
24   08970961   8
24   08946899   9
24   08965341   10
24   08965030   11
24   08966782   12
24   00702527   13
24   00606926   14
24   00083173   15
24   08946938   16
24   08965010   17
24   00140395   18
24   08969306   19
24   00096311   20
24   08965397   21
24   08965840   22
24   00105593   23
24   00962852   24
24   00065761   25
24   08969301   26
24   00112836   27
24   08969271   28
24   08969243   29
24   08966366   30
24   06056031   31
24   08970964   32
24   08965588   33
24   08969220   34
24   08970928   35
24   08969318   36
24   00702545   37
24   00606927   38
24   00001299   39
24   08970573   40
24   08966896   41
24   08963252   42
24   08965302   43
24   00124989   44
24   08966326   45
24   00101528   46
24   00106045   47
24   00963063   48
24   01251171   49
24   08969303   50
24   08969272   51
24   08969214   52
24   08969414   53
24   06056075   54
24   08970966   55
24   08967062   56
24   08969242   57
24   08970930   58
24   08972390   59
24   00702547   60
24   00606928   61
24   00001300   62
24   08945846   63
24   08945556   64
24   08965807   65
24   08965317   66
24   08969782   67
24   08966898   68
24   00150620   69
24   00105590   70
24   00963068   71
24   00627546   72
24   08969811   73
24   08969277   74
24   08969240   75
24   08967384   76
24   06056157   77
24   08970967   78
24   08967065   79
24   08965824   80
24   00096948   81
24   08974652   82
24   01359879   83
24   00606961   84
24   00001307   85
24   08970157   86
24   08945569   87
24   08965881   88
24   00096050   89
24   08967861   90
24   08974682   91
24   00143495   92
24   00105603   93
24   00963069   94
24   01251172   95
24   08969279   96
24   08969259   97
24   06056158   98
24   08970969   99
24   08967066   100
25   08970794   1
25   00009003   2
25   01198704   3
25   00068877   4
25   08964627   5
25   06164026   6
25   00069173   7
25   00010570   8
25   08965291   9
25   00122618   10
25   00064420   11
25   00010072   12
25   01250630   13
25   08964667   14
25   05832203   15
25   01151789   16
25   00066371   17
25   01236297   18
25   01510897   19
25   00005836   20
25   01291817   21
25   08969159   22
25   00134798   23
25   06214395   24
25   00130571   25
25   00010074   26
25   00076804   27
25   01224354   28
25   01309023   29
25   08946693   30
25   00065761   31
25   08945553   32
25   00009321   33
25   01198707   34
25   00068881   35
25   08964629   36
25   06164027   37
25   00069418   38
25   00012803   39
25   01272724   40
25   00108636   41
25   00066392   42
25   00010073   43
25   01250631   44
25   08964670   45
25   05832204   46
25   01399031   47
25   00066480   48
25   01236299   49
25   01510895   50
25   00097929   51
25   01291819   52
25   08969168   53
25   00134723   54
25   01511775   55
25   00008127   56
25   00010833   57
25   00077106   58
25   01224355   59
25   00111781   60
25   08946216   61
25   01251171   62
25   08945557   63
25   00010307   64
25   01198709   65
25   00069195   66
25   08964630   67
25   06164035   68
25   00069449   69
25   00012865   70
25   08945718   71
25   00012308   72
25   00123439   73
25   01250834   74
25   08945106   75
25   05817262   76
25   01272725   77
25   00122908   78
25   01237368   79
25   01407328   80
25   00129813   81
25   00078150   82
25   00084906   83
25   00058459   84
25   05966562   85
25   00113270   86
25   01122028   87
25   00106205   88
25   01232911   89
25   00111986   90
25   08946683   91
25   00627546   92
25   08946664   93
25   00010442   94
25   01198722   95
25   00113295   96
25   08964633   97
25   06164037   98
25   00069456   99
25   00012896   100
26   06026358   1
26   06004798   2
26   06098077   3
26   00081670   4
26   05859229   5
26   01505956   6
26   06159909   7
26   06299007   8
26   08963089   9
26   01372423   10
26   06026783   11
26   01479731   12
26   05967645   13
26   06107490   14
26   08965558   15
26   05831078   16
26   06239735   17
26   05968798   18
26   08969401   19
26   00124002   20
26   00096247   21
26   01303077   22
26   05831054   23
26   00065761   24
26   06026452   25
26   06017770   26
26   06098079   27
26   00147684   28
26   05998827   29
26   01499360   30
26   06159910   31
26   06299010   32
26   08964716   33
26   01450727   34
26   06026795   35
26   01443452   36
26   05967649   37
26   06107548   38
26   00095509   39
26   05830657   40
26   06240267   41
26   05968804   42
26   00134557   43
26   00131986   44
26   00124919   45
26   08964773   46
26   05831055   47
26   01251171   48
26   06026530   49
26   06017773   50
26   06098057   51
26   00107990   52
26   05998845   53
26   01499361   54
26   06159911   55
26   06299014   56
26   08970676   57
26   01457134   58
26   06026798   59
26   06123872   60
26   05967699   61
26   06107488   62
26   00123887   63
26   05831017   64
26   06240274   65
26   05968810   66
26   00134559   67
26   06153711   68
26   06242373   69
26   00010354   70
26   01305878   71
26   00627546   72
26   06026642   73
26   06017778   74
26   06098058   75
26   00141458   76
26   05999144   77
26   01510461   78
26   06159912   79
26   06299018   80
26   08973260   81
26   01471594   82
26   06026827   83
26   06123873   84
26   05967716   85
26   06107495   86
26   08946199   87
26   00062740   88
26   05968827   89
26   00134560   90
26   00120257   91
26   06299112   92
26   00010357   93
26   00127731   94
26   01251172   95
26   06017781   96
26   06098070   97
26   00749041   98
26   05999158   99
26   01510298   100
27   08970794   1
27   01264933   2
27   01226235   3
27   01370475   4
27   01420870   5
27   00807028   6
27   00868842   7
27   01226189   8
27   01276682   9
27   01248928   10
27   01265345   11
27   01125950   12
27   01061782   13
27   00868849   14
27   01265366   15
27   00686428   16
27   01184444   17
27   08972296   18
27   00731460   19
27   01304711   20
27   01207002   21
27   00972069   22
27   00833871   23
27   06168270   24
27   01226174   25
27   00058767   26
27   00664771   27
27   00717782   28
27   06299112   29
27   00065761   30
27   08945553   31
27   01262664   32
27   01226255   33
27   01370477   34
27   01265399   35
27   00807029   36
27   00868843   37
27   06102367   38
27   01276683   39
27   01265382   40
27   01129499   41
27   01061784   42
27   01027669   43
27   01265712   44
27   00793800   45
27   01184446   46
27   08972297   47
27   00879956   48
27   00904185   49
27   01217049   50
27   01083439   51
27   00833859   52
27   06168277   53
27   01020694   54
27   00084819   55
27   00664772   56
27   00717786   57
27   06299361   58
27   01251171   59
27   08945557   60
27   01262666   61
27   01226320   62
27   01370479   63
27   01265713   64
27   00807046   65
27   00868846   66
27   06102370   67
27   01276684   68
27   01265383   69
27   01129500   70
27   01061785   71
27   01027670   72
27   01147727   73
27   00793804   74
27   01008261   75
27   08972298   76
27   01003939   77
27   00904189   78
27   01322166   79
27   01240372   80
27   00833879   81
27   06168409   82
27   01020696   83
27   00149048   84
27   00686435   85
27   00644013   86
27   06299403   87
27   00627546   88
27   08946664   89
27   01265274   90
27   01265742   91
27   01370480   92
27   01265717   93
27   00807058   94
27   00868847   95
27   06102374   96
27   01276685   97
27   01240313   98
27   01129501   99
27   01061779   100
28   01182862   1
28   01418879   2
28   01183292   3
28   01116788   4
28   00095977   5
28   06220819   6
28   08965452   7
28   00948423   8
28   00635025   9
28   00781501   10
28   01147508   11
28   01216940   12
28   01216941   13
28   00102190   14
28   00097999   15
28   00944386   16
28   01116789   17
28   01116827   18
28   01360756   19
28   00615306   20
28   01191963   21
28   01216939   22
28   00102189   23
28   00616206   24
28   00110407   25
28   01116840   26
28   01461579   27
28   01204921   28
28   00065761   29
28   01182863   30
28   01418880   31
28   01183293   32
28   01116819   33
28   00642315   34
28   06220820   35
28   01359800   36
28   00948424   37
28   00635026   38
28   00781503   39
28   01147522   40
28   01253711   41
28   01253712   42
28   00855035   43
28   00087533   44
28   00944400   45
28   01116791   46
28   01116828   47
28   01360757   48
28   00615704   49
28   01191971   50
28   01253710   51
28   01250371   52
28   00704785   53
28   01482417   54
28   01116841   55
28   01461621   56
28   01233533   57
28   01251171   58
28   01182864   59
28   01418883   60
28   01183294   61
28   01461724   62
28   00659033   63
28   06220822   64
28   01359807   65
28   00948438   66
28   00635027   67
28   00781507   68
28   01147518   69
28   01318580   70
28   01318583   71
28   01250370   72
28   00123245   73
28   01055600   74
28   01116792   75
28   01116831   76
28   01470089   77
28   00615525   78
28   01191972   79
28   01318579   80
28   00123244   81
28   00724741   82
28   01482419   83
28   06221374   84
28   06039370   85
28   00627546   86
28   01182865   87
28   01418884   88
28   01183297   89
28   01461727   90
28   00829777   91
28   06220823   92
28   01359811   93
28   00948441   94
28   00635028   95
28   00781542   96
28   01147525   97
28   00139380   98
28   00620089   99
28   00123243   100
29   06240846   1
29   06237427   2
29   06237625   3
29   08973821   4
29   06240350   5
29   01244070   6
29   06222274   7
29   00744645   8
29   06240243   9
29   01281558   10
29   00868937   11
29   00011625   12
29   01281613   13
29   06282490   14
29   01237215   15
29   01244055   16
29   00744460   17
29   00910117   18
29   00869309   19
29   05980723   20
29   06238253   21
29   06238344   22
29   00906963   23
29   06064458   24
29   00115194   25
29   00006383   26
29   06235872   27
29   08969009   28
29   00065761   29
29   01244091   30
29   06239771   31
29   06234134   32
29   08974151   33
29   06240351   34
29   01244248   35
29   06222275   36
29   00744646   37
29   06240247   38
29   01281560   39
29   00868940   40
29   00011636   41
29   01281619   42
29   06282495   43
29   01237212   44
29   01244068   45
29   00744461   46
29   00910130   47
29   00869311   48
29   05980724   49
29   06238254   50
29   06238346   51
29   00906987   52
29   06064460   53
29   00889443   54
29   00081324   55
29   06238222   56
29   08972312   57
29   01251171   58
29   01244172   59
29   06240155   60
29   06234140   61
29   00066740   62
29   06240378   63
29   06222281   64
29   00744307   65
29   06240255   66
29   01281564   67
29   00868945   68
29   00011626   69
29   01281632   70
29   06282499   71
29   01237711   72
29   01244069   73
29   00744463   74
29   00910094   75
29   00869312   76
29   06018151   77
29   01281645   78
29   06299786   79
29   00907103   80
29   06064461   81
29   00962163   82
29   06294720   83
29   06238224   84
29   01353571   85
29   00627546   86
29   06240159   87
29   06234143   88
29   00108000   89
29   06240380   90
29   06222294   91
29   00744316   92
29   06240276   93
29   01281567   94
29   00868946   95
29   00011627   96
29   01281638   97
29   06282504   98
29   01237513   99
29   01244210   100
30   01296637   1
30   00897876   2
30   00643266   3
30   01439882   4
30   01489619   5
30   01266619   6
30   01266075   7
30   01223208   8
30   06002816   9
30   00772198   10
30   01336799   11
30   01236297   12
30   00714861   13
30   00111413   14
30   08970876   15
30   01439888   16
30   00897878   17
30   01255530   18
30   00787149   19
30   01457273   20
30   06173679   21
30   00118343   22
30   01178353   23
30   01469222   24
30   01401190   25
30   00077249   26
30   08970900   27
30   00779130   28
30   00065761   29
30   01391532   30
30   00643268   31
30   01439887   32
30   00799159   33
30   01266621   34
30   01266068   35
30   01223231   36
30   05995929   37
30   00772200   38
30   01236299   39
30   00698263   40
30   00065251   41
30   08970887   42
30   01440118   43
30   00897879   44
30   01209874   45
30   00799700   46
30   01459383   47
30   06173682   48
30   00118350   49
30   01178365   50
30   01469224   51
30   01410745   52
30   00103515   53
30   05996464   54
30   00779141   55
30   01251171   56
30   01401157   57
30   00643275   58
30   01266622   59
30   01266071   60
30   00129805   61
30   05995941   62
30   00772202   63
30   01237368   64
30   00736409   65
30   08973135   66
30   00133705   67
30   00897883   68
30   01209876   69
30   00799702   70
30   01360903   71
30   00087508   72
30   00116840   73
30   01178382   74
30   01469223   75
30   00647618   76
30   00120079   77
30   05996467   78
30   00699350   79
30   00627546   80
30   00643280   81
30   01267433   82
30   01266073   83
30   00995094   84
30   05996003   85
30   08966806   86
30   00100143   87
30   00736410   88
30   00006808   89
30   01132083   90
30   00110609   91
30   01241008   92
30   00799712   93
30   01360959   94
30   00114591   95
30   00117346   96
30   01178402   97
30   01476787   98
30   01053414   99
30   00150454   100
31   08967923   1
31   06238612   2
31   05982810   3
31   05960239   4
31   06238495   5
31   06238508   6
31   05982752   7
31   01303077   8
31   06299287   9
31   06238637   10
31   00688562   11
31   00688642   12
31   06238550   13
31   06238632   14
31   00073262   15
31   00065761   16
31   01145605   17
31   06238614   18
31   05982812   19
31   05960240   20
31   06238496   21
31   06238509   22
31   05982756   23
31   01426906   24
31   06299278   25
31   06238638   26
31   00688563   27
31   00688643   28
31   06238551   29
31   06238633   30
31   00139078   31
31   01251171   32
31   08966664   33
31   06238615   34
31   05982821   35
31   05960241   36
31   06238497   37
31   06238510   38
31   01394217   39
31   05998471   40
31   06238639   41
31   00688495   42
31   01353003   43
31   06234739   44
31   06214662   45
31   01231063   46
31   00627546   47
31   00006182   48
31   06238616   49
31   05982823   50
31   05960242   51
31   06238498   52
31   06238511   53
31   01394208   54
31   05998472   55
31   06238642   56
31   00688497   57
31   00689259   58
31   06234747   59
31   06214667   60
31   06032652   61
31   01251172   62
31   00105304   63
31   06238617   64
31   05982827   65
31   05960243   66
31   06238499   67
31   06238512   68
31   01374200   69
31   06246588   70
31   06238643   71
31   00688513   72
31   01020458   73
31   06214678   74
31   01255343   75
31   01261518   76
31   01312823   77
31   06238618   78
31   05982829   79
31   05960245   80
31   06238500   81
31   06238558   82
31   01054398   83
31   06246594   84
31   06238644   85
31   00688517   86
31   01020460   87
31   06214690   88
31   00730804   89
31   01261520   90
31   01312957   91
31   06238619   92
31   05982831   93
31   05960249   94
31   06238501   95
31   06238559   96
31   01398890   97
31   06246599   98
31   00132996   99
31   00688518   100
32   01274280   1
32   01373404   2
32   05873948   3
32   00630531   4
32   05824023   5
32   01479731   6
32   06291086   7
32   05824918   8
32   01368223   9
32   06291098   10
32   05850471   11
32   05870386   12
32   00059295   13
32   05870574   14
32   08966719   15
32   06195868   16
32   01413285   17
32   05824032   18
32   05870179   19
32   05980143   20
32   08964849   21
32   05871648   22
32   06296182   23
32   01508449   24
32   05870114   25
32   05841884   26
32   00065761   27
32   01367363   28
32   01455774   29
32   05875131   30
32   01416846   31
32   05824029   32
32   01443452   33
32   05826654   34
32   01404278   35
32   06296180   36
32   05850472   37
32   05870400   38
32   00103580   39
32   05871712   40
32   00089114   41
32   06195879   42
32   00829579   43
32   05826497   44
32   05870713   45
32   05980149   46
32   08964961   47
32   05871751   48
32   06296248   49
32   01508450   50
32   05870588   51
32   05842932   52
32   01251171   53
32   05844526   54
32   01455775   55
32   05875151   56
32   01416869   57
32   06123872   58
32   05841936   59
32   01404282   60
32   06296181   61
32   05862496   62
32   05870678   63
32   00063265   64
32   05871728   65
32   00089119   66
32   06201383   67
32   00633503   68
32   06291127   69
32   05870456   70
32   08964982   71
32   06273200   72
32   01128706   73
32   01377027   74
32   05841915   75
32   00627546   76
32   05864419   77
32   01416454   78
32   05875166   79
32   01370333   80
32   06123873   81
32   05842136   82
32   01404285   83
32   06296212   84
32   05825704   85
32   00102939   86
32   00139240   87
32   06190146   88
32   01300224   89
32   06291128   90
32   05870509   91
32   08965157   92
32   05828077   93
32   01128705   94
32   00144760   95
32   05841927   96
32   01251172   97
32   05864421   98
32   01437009   99
32   05875188   100
33   08970794   1
33   06065624   2
33   08946784   3
33   08967206   4
33   06116821   5
33   01463618   6
33   08962895   7
33   00109199   8
33   06078004   9
33   08973274   10
33   00072031   11
33   08946083   12
33   01325836   13
33   08946746   14
33   08964944   15
33   00118674   16
33   08971274   17
33   08972803   18
33   08946082   19
33   08946129   20
33   00011385   21
33   01191835   22
33   08965192   23
33   00065761   24
33   08945553   25
33   06065625   26
33   08946782   27
33   08970517   28
33   06115963   29
33   01463625   30
33   08972795   31
33   08945619   32
33   06078011   33
33   08973275   34
33   08963180   35
33   08946087   36
33   01325837   37
33   01422610   38
33   08964945   39
33   00990846   40
33   08946969   41
33   08972804   42
33   08946090   43
33   08946131   44
33   00011433   45
33   00083528   46
33   08965195   47
33   01251171   48
33   08945557   49
33   06065629   50
33   08969112   51
33   08968926   52
33   06115953   53
33   01463627   54
33   08972789   55
33   08945621   56
33   06078027   57
33   08973281   58
33   00073411   59
33   08946089   60
33   08966155   61
33   00062923   62
33   08971099   63
33   00013747   64
33   08965351   65
33   08972805   66
33   08946092   67
33   08946314   68
33   00086694   69
33   00000074   70
33   08965200   71
33   00627546   72
33   08946664   73
33   06065631   74
33   05967027   75
33   08946787   76
33   06114983   77
33   00067780   78
33   08972796   79
33   08945623   80
33   06077462   81
33   00626489   82
33   00087082   83
33   08972587   84
33   01391333   85
33   00064188   86
33   05818698   87
33   00098968   88
33   08966485   89
33   08973279   90
33   08946513   91
33   00661013   92
33   00011913   93
33   08965202   94
33   01251172   95
33   08946673   96
33   06065633   97
33   01462987   98
33   08965752   99
33   06114987   100
34   05821526   1
34   00118214   2
34   08970794   3
34   00062267   4
34   08969515   5
34   08965230   6
34   01054842   7
34   00707129   8
34   01079981   9
34   08970569   10
34   00642624   11
34   01039867   12
34   01207382   13
34   00067736   14
34   00594333   15
34   00655934   16
34   08965858   17
34   05821578   18
34   00101527   19
34   06152144   20
34   00595901   21
34   00095658   22
34   00105111   23
34   01097090   24
34   00064460   25
34   01054872   26
34   00769495   27
34   05821576   28
34   00015069   29
34   01261094   30
34   00065761   31
34   05821559   32
34   00119397   33
34   08945553   34
34   00104062   35
34   08965929   36
34   08967589   37
34   01054860   38
34   00708902   39
34   01079982   40
34   01489897   41
34   00682763   42
34   01039868   43
34   00087217   44
34   00594366   45
34   00655936   46
34   08966362   47
34   05821585   48
34   01252428   49
34   06152145   50
34   00617961   51
34   01141532   52
34   00106457   53
34   01097091   54
34   00064464   55
34   01393173   56
34   00769486   57
34   05821697   58
34   00115596   59
34   01261095   60
34   01251171   61
34   05821564   62
34   00062890   63
34   08945557   64
34   00106099   65
34   00607076   66
34   08967603   67
34   00754421   68
34   01079983   69
34   01489957   70
34   00682765   71
34   01129738   72
34   00106394   73
34   00625883   74
34   00655937   75
34   08966860   76
34   05998468   77
34   08945594   78
34   06152149   79
34   00630487   80
34   01171646   81
34   00105445   82
34   01072548   83
34   00064463   84
34   00982931   85
34   00769487   86
34   00072873   87
34   00115598   88
34   01258030   89
34   00627546   90
34   05821567   91
34   00119127   92
34   08946664   93
34   06080530   94
34   01127652   95
34   08967605   96
34   00754423   97
34   01323646   98
34   01489959   99
34   00769496   100
35   05979416   1
35   05966207   2
35   08970794   3
35   05828395   4
35   00656233   5
35   08967497   6
35   08968995   7
35   00654354   8
35   05828406   9
35   08945883   10
35   08972367   11
35   00073262   12
35   08946248   13
35   00092396   14
35   00013564   15
35   00774547   16
35   00140406   17
35   00001371   18
35   00134979   19
35   08969891   20
35   08966014   21
35   08966845   22
35   00079654   23
35   00008432   24
35   00065761   25
35   05979420   26
35   05966208   27
35   08945553   28
35   05828399   29
35   00656234   30
35   08967810   31
35   00654355   32
35   05828407   33
35   08945886   34
35   08972380   35
35   00139078   36
35   08946065   37
35   00011632   38
35   00064169   39
35   00774549   40
35   00140403   41
35   00001372   42
35   01092052   43
35   00065274   44
35   08966431   45
35   08969451   46
35   00080276   47
35   00008434   48
35   01251171   49
35   05979422   50
35   05966211   51
35   08945557   52
35   05828401   53
35   00656240   54
35   08970227   55
35   00654356   56
35   05828408   57
35   08945889   58
35   08972388   59
35   01231063   60
35   00008249   61
35   00014267   62
35   00789010   63
35   00774551   64
35   01456910   65
35   00107932   66
35   01519434   67
35   00069655   68
35   01297412   69
35   08970723   70
35   00080234   71
35   00777215   72
35   00627546   73
35   05961554   74
35   05966213   75
35   08946664   76
35   00656360   77
35   08967492   78
35   00654357   79
35   05828410   80
35   08945891   81
35   08962956   82
35   06032652   83
35   00795672   84
35   00014292   85
35   08970562   86
35   00774625   87
35   01456911   88
35   00014861   89
35   00058574   90
35   00797684   91
35   00065499   92
35   08964969   93
35   00777216   94
35   01251172   95
35   05821375   96
35   05966216   97
35   08946673   98
35   00107391   99
35   05828415   100
36   06079821   1
36   00799050   2
36   08970794   3
36   05955005   4
36   00109492   5
36   06079827   6
36   00141377   7
36   00150353   8
36   00635525   9
36   06079823   10
36   00792430   11
36   01390863   12
36   00798912   13
36   00688740   14
36   08970894   15
36   00778862   16
36   01248405   17
36   00792683   18
36   00769654   19
36   00792164   20
36   01274568   21
36   01456733   22
36   01458680   23
36   00109719   24
36   00768673   25
36   08965408   26
36   00110348   27
36   00726520   28
36   00799912   29
36   00065761   30
36   00799051   31
36   08945553   32
36   05955024   33
36   00110508   34
36   06079829   35
36   00141378   36
36   00150354   37
36   00635528   38
36   06079824   39
36   00792433   40
36   00629198   41
36   00798925   42
36   00688822   43
36   08972819   44
36   00778863   45
36   01248407   46
36   00792682   47
36   00769655   48
36   00792169   49
36   01274570   50
36   01457700   51
36   01371096   52
36   08969718   53
36   00768841   54
36   08966721   55
36   00110349   56
36   00727462   57
36   00799991   58
36   01251171   59
36   00799052   60
36   08945557   61
36   05955045   62
36   00111383   63
36   06079833   64
36   00110352   65
36   00150364   66
36   00635529   67
36   06079835   68
36   00791411   69
36   00629199   70
36   00799049   71
36   00688731   72
36   08946235   73
36   08970547   74
36   01252355   75
36   00792684   76
36   00012630   77
36   01217649   78
36   01326271   79
36   01456892   80
36   01505540   81
36   00014142   82
36   00768845   83
36   08966729   84
36   00110351   85
36   00726496   86
36   00800058   87
36   00627546   88
36   00799053   89
36   08946664   90
36   05955066   91
36   00061026   92
36   06079834   93
36   00110362   94
36   00786390   95
36   00635506   96
36   05867044   97
36   00791413   98
36   00629200   99
36   00799061   100
37   08946820   1
37   08970794   2
37   00616093   3
37   00616115   4
37   00134677   5
37   01470512   6
37   01394208   7
37   08969963   8
37   01208643   9
37   08968897   10
37   01176304   11
37   08973804   12
37   00006533   13
37   00615927   14
37   08966369   15
37   00009824   16
37   01061334   17
37   08966352   18
37   01427304   19
37   00616337   20
37   01334551   21
37   00084182   22
37   01425712   23
37   01347938   24
37   01072943   25
37   01250630   26
37   01219428   27
37   01224917   28
37   00065761   29
37   08962933   30
37   08945553   31
37   00615704   32
37   00616116   33
37   08946389   34
37   00979565   35
37   01458122   36
37   08970554   37
37   01208661   38
37   08945896   39
37   00112799   40
37   08973805   41
37   00010165   42
37   00615929   43
37   08966370   44
37   00137352   45
37   01061341   46
37   08969003   47
37   01427306   48
37   00616338   49
37   01334552   50
37   00833022   51
37   01425717   52
37   01347939   53
37   00148699   54
37   01250631   55
37   01219429   56
37   00075484   57
37   01251171   58
37   08945557   59
37   00615417   60
37   00616117   61
37   08946890   62
37   00979570   63
37   01485988   64
37   00103444   65
37   01209141   66
37   00999158   67
37   00802158   68
37   08973807   69
37   00071930   70
37   00615963   71
37   00072931   72
37   00011878   73
37   01061342   74
37   08969046   75
37   01427309   76
37   00093188   77
37   01334549   78
37   01170802   79
37   01425718   80
37   01347945   81
37   00148701   82
37   01250834   83
37   00130730   84
37   00122578   85
37   00627546   86
37   08946664   87
37   00615420   88
37   00616118   89
37   08946914   90
37   00979571   91
37   01061420   92
37   01518432   93
37   01205712   94
37   00999159   95
37   01176302   96
37   08973808   97
37   00128903   98
37   00615935   99
37   00084895   100
38   01285330   1
38   08966228   2
38   00596303   3
38   00688958   4
38   05824850   5
38   01141968   6
38   01309939   7
38   01313780   8
38   01139966   9
38   06184394   10
38   01313757   11
38   00068142   12
38   00108167   13
38   01216938   14
38   00628454   15
38   00661011   16
38   01313772   17
38   08964932   18
38   01275803   19
38   00692403   20
38   00985948   21
38   00985954   22
38   00808682   23
38   00995094   24
38   00596660   25
38   01192320   26
38   01285960   27
38   08966771   28
38   00723646   29
38   00065761   30
38   01285334   31
38   08966274   32
38   00596466   33
38   00582958   34
38   05824890   35
38   01141972   36
38   01311000   37
38   01313781   38
38   01139968   39
38   01368275   40
38   01313761   41
38   00652918   42
38   00108175   43
38   01318577   44
38   00680101   45
38   01134267   46
38   01313778   47
38   08967361   48
38   00604643   49
38   00983226   50
38   00985950   51
38   00985964   52
38   01248620   53
38   01192322   54
38   01285965   55
38   08963234   56
38   00723649   57
38   01251171   58
38   01059484   59
38   08969447   60
38   00596472   61
38   00584486   62
38   05824900   63
38   01141975   64
38   01315149   65
38   01313782   66
38   01139970   67
38   00682679   68
38   01313762   69
38   00960784   70
38   00108177   71
38   00690503   72
38   00768293   73
38   01157263   74
38   00902923   75
38   08969438   76
38   00620921   77
38   00983227   78
38   01186010   79
38   01186013   80
38   01248623   81
38   01192323   82
38   01285336   83
38   08965204   84
38   00723653   85
38   00627546   86
38   01059485   87
38   00599594   88
38   00596525   89
38   00584487   90
38   05824909   91
38   01141977   92
38   01326414   93
38   01313783   94
38   01139971   95
38   06088932   96
38   01313764   97
38   00960785   98
38   00647773   99
38   00759761   100
39   01402978   1
39   01346796   2
39   01306214   3
39   01408685   4
39   01082613   5
39   01481746   6
39   01445068   7
39   01316460   8
39   08970927   9
39   01306257   10
39   00099880   11
39   01346792   12
39   01305544   13
39   01306676   14
39   01393060   15
39   01418823   16
39   01060900   17
39   05977854   18
39   00775871   19
39   01447617   20
39   00735929   21
39   01304043   22
39   01305238   23
39   01360297   24
39   01307747   25
39   00067633   26
39   00683268   27
39   01185203   28
39   00012866   29
39   01028859   30
39   00065761   31
39   01325845   32
39   01346798   33
39   01306215   34
39   01304439   35
39   01082612   36
39   01481748   37
39   01445070   38
39   01316470   39
39   08970929   40
39   01306272   41
39   00006245   42
39   01346810   43
39   01305549   44
39   01316772   45
39   01040245   46
39   01442145   47
39   01254715   48
39   05977861   49
39   00907279   50
39   01233605   51
39   00735933   52
39   01304045   53
39   01305239   54
39   00622054   55
39   01307748   56
39   00071122   57
39   00683270   58
39   01185424   59
39   08947028   60
39   01206669   61
39   01251171   62
39   01447320   63
39   01346799   64
39   01306221   65
39   01304447   66
39   01082618   67
39   01481749   68
39   01445076   69
39   01316451   70
39   08970931   71
39   01477428   72
39   00006961   73
39   01305516   74
39   01350917   75
39   01281686   76
39   01444185   77
39   01348991   78
39   01373474   79
39   00907284   80
39   01233632   81
39   00009298   82
39   00991345   83
39   00604319   84
39   00623859   85
39   01307803   86
39   00082712   87
39   01362800   88
39   01186883   89
39   08967947   90
39   01206671   91
39   00627546   92
39   01330720   93
39   01306659   94
39   01082646   95
39   01481750   96
39   01307047   97
39   01316454   98
39   08970943   99
39   01306206   100
40   08965094   1
40   08969232   2
40   08964743   3
40   08969238   4
40   08970961   5
40   08969782   6
40   08946899   7
40   08966626   8
40   08970360   9
40   08965090   10
40   08969269   11
40   08967663   12
40   08967699   13
40   08966619   14
40   08966574   15
40   08966603   16
40   08966642   17
40   08945847   18
40   08946430   19
40   08965813   20
40   00065761   21
40   08965608   22
40   08969243   23
40   08965222   24
40   08969298   25
40   08970964   26
40   08969231   27
40   08965588   28
40   08970377   29
40   08965656   30
40   08969271   31
40   08968138   32
40   08967502   33
40   08967441   34
40   08966577   35
40   08966607   36
40   08966556   37
40   08970954   38
40   08945766   39
40   08969416   40
40   01251171   41
40   08968130   42
40   08969214   43
40   08965574   44
40   08969301   45
40   08970966   46
40   00702601   47
40   08967062   48
40   08970386   49
40   08966129   50
40   08969272   51
40   08965083   52
40   08967580   53
40   08967443   54
40   08966608   55
40   08966557   56
40   08970960   57
40   08966622   58
40   08973278   59
40   00627546   60
40   08969240   61
40   08966583   62
40   08969303   63
40   08970967   64
40   08967341   65
40   08967065   66
40   08966595   67
40   08966130   68
40   08969277   69
40   08965085   70
40   08967674   71
40   08966598   72
40   08965030   73
40   08965313   74
40   08965197   75
40   01251172   76
40   08969259   77
40   08969247   78
40   08970969   79
40   08967824   80
40   08967066   81
40   08970389   82
40   08966158   83
40   08969279   84
40   08965086   85
40   08967681   86
40   08966599   87
40   08967456   88
40   08967710   89
40   08966698   90
40   01261518   91
40   08969260   92
40   08966717   93
40   08970970   94
40   08969229   95
40   08967068   96
40   08970476   97
40   08966185   98
40   08969335   99
40   08970368   100
41   01418879   1
41   01182862   2
41   01116788   3
41   06220819   4
41   08969401   5
41   00948423   6
41   00781501   7
41   01147508   8
41   00673093   9
41   00755323   10
41   01216940   11
41   00102190   12
41   00119902   13
41   00944386   14
41   01360061   15
41   01116827   16
41   00755360   17
41   08969247   18
41   01360756   19
41   00755043   20
41   00083173   21
41   01216939   22
41   01042755   23
41   00621630   24
41   00013477   25
41   01116789   26
41   00062445   27
41   01461579   28
41   01204921   29
41   00065761   30
41   01418880   31
41   01182863   32
41   01116819   33
41   06220820   34
41   00134557   35
41   00948424   36
41   00781503   37
41   01147522   38
41   00753144   39
41   00755389   40
41   01253711   41
41   00855035   42
41   00148737   43
41   00944400   44
41   00759121   45
41   01116828   46
41   00755381   47
41   00755047   48
41   01360757   49
41   01040306   50
41   00001297   51
41   01253710   52
41   01216972   53
41   00680093   54
41   00010354   55
41   01116791   56
41   08966369   57
41   01461621   58
41   01233533   59
41   01251171   60
41   01418883   61
41   01182864   62
41   01461724   63
41   06220822   64
41   00134559   65
41   00948438   66
41   00781507   67
41   01147518   68
41   00753145   69
41   01247048   70
41   01318580   71
41   01250370   72
41   01250372   73
41   01055600   74
41   00759153   75
41   01116831   76
41   00755386   77
41   00755048   78
41   01470089   79
41   01246098   80
41   00001298   81
41   01318579   82
41   00657377   83
41   00724744   84
41   00010357   85
41   00124018   86
41   08966370   87
41   06221374   88
41   06039370   89
41   00627546   90
41   01418884   91
41   01182865   92
41   01461727   93
41   06220823   94
41   00134560   95
41   00948441   96
41   00781542   97
41   01147525   98
41   00753148   99
41   01247053   100
42   01126032   1
42   00058904   2
42   00069174   3
42   00062496   4
42   00062718   5
42   00630368   6
42   01127638   7
42   00078760   8
42   00080973   9
42   00092667   10
42   00074415   11
42   08963089   12
42   00065311   13
42   00107074   14
42   01177382   15
42   00918003   16
42   00149603   17
42   00013659   18
42   00639674   19
42   00599378   20
42   00653159   21
42   00006713   22
42   00633003   23
42   00827278   24
42   08969963   25
42   01067963   26
42   00062869   27
42   00062244   28
42   00065761   29
42   00630422   30
42   00059661   31
42   00150870   32
42   00112580   33
42   00117128   34
42   00630369   35
42   01127639   36
42   00087225   37
42   00079394   38
42   00098554   39
42   00075449   40
42   08973260   41
42   00065506   42
42   06024533   43
42   00010685   44
42   00150985   45
42   00067662   46
42   00079401   47
42   01172005   48
42   00653103   49
42   00110912   50
42   00633023   51
42   00827316   52
42   08970554   53
42   01067544   54
42   00075574   55
42   00062264   56
42   01251171   57
42   00990810   58
42   00059663   59
42   00827258   60
42   00007834   61
42   00105350   62
42   00630372   63
42   01127641   64
42   00078774   65
42   00080974   66
42   00014677   67
42   00075438   68
42   08945946   69
42   00113741   70
42   06024571   71
42   00600666   72
42   00006772   73
42   00067674   74
42   01263734   75
42   00861159   76
42   00653076   77
42   01247754   78
42   00633024   79
42   00827262   80
42   00103444   81
42   00620812   82
42   00130511   83
42   00076639   84
42   00627546   85
42   01261094   86
42   00059686   87
42   00072652   88
42   00062497   89
42   00630377   90
42   01155562   91
42   00840617   92
42   00072113   93
42   00014685   94
42   00081540   95
42   08946517   96
42   00114154   97
42   00596872   98
42   00785232   99
42   00006802   100
43   01471374   1
43   06121241   2
43   01043957   3
43   08969075   4
43   00615154   5
43   01400789   6
43   06177529   7
43   01049913   8
43   01493186   9
43   01402082   10
43   00101178   11
43   06024789   12
43   08966771   13
43   06287386   14
43   00785835   15
43   06018942   16
43   08946359   17
43   00000964   18
43   01381632   19
43   06197575   20
43   00096187   21
43   00597905   22
43   00702659   23
43   00119062   24
43   06175116   25
43   01096680   26
43   00597283   27
43   00014501   28
43   00065761   29
43   01471376   30
43   06121199   31
43   01043976   32
43   01299707   33
43   01035680   34
43   01400502   35
43   06177530   36
43   01049916   37
43   01493656   38
43   01414836   39
43   00009305   40
43   06024799   41
43   08963234   42
43   06287392   43
43   00947687   44
43   06018322   45
43   08967769   46
43   00074723   47
43   01402978   48
43   06197592   49
43   00128681   50
43   00597906   51
43   00702672   52
43   00117262   53
43   06175135   54
43   01096682   55
43   00597291   56
43   00014386   57
43   01251171   58
43   01471383   59
43   06121204   60
43   01043978   61
43   00151052   62
43   00598370   63
43   01400505   64
43   06177531   65
43   01049917   66
43   01493658   67
43   01367087   68
43   00100904   69
43   06024808   70
43   08965204   71
43   06287596   72
43   01060798   73
43   06018443   74
43   08970036   75
43   00112838   76
43   06173648   77
43   06197614   78
43   00131623   79
43   00141275   80
43   00702673   81
43   00117263   82
43   01239851   83
43   01096868   84
43   01003925   85
43   00907323   86
43   00627546   87
43   01471418   88
43   06121211   89
43   01043979   90
43   00963286   91
43   00592258   92
43   01400512   93
43   06177532   94
43   01049918   95
43   00069197   96
43   01276598   97
43   00100935   98
43   06024805   99
43   08967071   100
44   00950289   1
44   01319778   2
44   00001173   3
44   00764705   4
44   00995094   5
44   00843333   6
44   01202872   7
44   00066392   8
44   00665081   9
44   06215899   10
44   01295807   11
44   00666781   12
44   08963167   13
44   01187084   14
44   00702019   15
44   00647773   16
44   00662694   17
44   01217028   18
44   01217048   19
44   01217050   20
44   00656103   21
44   00687245   22
44   00764722   23
44   01295725   24
44   01404128   25
44   00662116   26
44   00662914   27
44   00065761   28
44   00950403   29
44   01319787   30
44   00066242   31
44   00764706   32
44   01224070   33
44   00769496   34
44   00980026   35
44   00123439   36
44   00665083   37
44   06215962   38
44   01295809   39
44   00666785   40
44   08963170   41
44   00601413   42
44   00702020   43
44   00647794   44
44   00662697   45
44   01246607   46
44   01322168   47
44   01322158   48
44   00697827   49
44   00796716   50
44   00764723   51
44   01295736   52
44   01404130   53
44   00663177   54
44   00663396   55
44   01251171   56
44   00649931   57
44   01319806   58
44   00068034   59
44   00764718   60
44   01248620   61
44   00769498   62
44   01132684   63
44   00064614   64
44   00665777   65
44   06215963   66
44   01295810   67
44   00666960   68
44   08964761   69
44   00602289   70
44   00702021   71
44   00647796   72
44   00662698   73
44   01247851   74
44   00681253   75
44   00124209   76
44   00698443   77
44   00820815   78
44   00764725   79
44   01330507   80
44   01404133   81
44   00665782   82
44   00663859   83
44   00627546   84
44   00649932   85
44   01319811   86
44   00077099   87
44   00764719   88
44   01248623   89
44   00769500   90
44   00825350   91
44   00064617   92
44   00665778   93
44   06215965   94
44   01295811   95
44   00666961   96
44   00639933   97
44   00602796   98
44   00702023   99
44   00649038   100
45   01331807   1
45   01182466   2
45   00104945   3
45   00918096   4
45   01055116   5
45   01273044   6
45   01458023   7
45   00100449   8
45   01265645   9
45   01028859   10
45   00084277   11
45   00102819   12
45   00939451   13
45   00932975   14
45   01091575   15
45   01082997   16
45   00065934   17
45   00132068   18
45   08966829   19
45   00960664   20
45   00936991   21
45   00137332   22
45   00128185   23
45   01265497   24
45   00111383   25
45   01498425   26
45   00136846   27
45   00083297   28
45   01192887   29
45   00644649   30
45   00065761   31
45   01331808   32
45   01182468   33
45   00796729   34
45   00918109   35
45   01055151   36
45   01273087   37
45   01458024   38
45   00000957   39
45   01265650   40
45   01206669   41
45   00084284   42
45   00129952   43
45   00939471   44
45   00932983   45
45   01091674   46
45   01083099   47
45   00081347   48
45   00012175   49
45   08966827   50
45   00849181   51
45   00936992   52
45   06135917   53
45   01360283   54
45   00759471   55
45   00006392   56
45   01311034   57
45   00136819   58
45   00001452   59
45   05999759   60
45   00644659   61
45   01251171   62
45   01331822   63
45   01182469   64
45   01403192   65
45   00918156   66
45   01055156   67
45   01273091   68
45   01458025   69
45   00009594   70
45   01265692   71
45   01206671   72
45   00110720   73
45   00137182   74
45   00939472   75
45   00932964   76
45   00134594   77
45   00679101   78
45   00595022   79
45   00058896   80
45   00128681   81
45   00849184   82
45   06140573   83
45   06170500   84
45   01386988   85
45   01038591   86
45   00067228   87
45   01437252   88
45   00136856   89
45   00001460   90
45   01147734   91
45   01206910   92
45   00627546   93
45   01331823   94
45   01182471   95
45   00638787   96
45   00918227   97
45   01055157   98
45   01434785   99
45   00780416   100
46   00111625   1
46   01309023   2
46   05823384   3
46   01333427   4
46   00001173   5
46   00655247   6
46   00067019   7
46   00925087   8
46   00068877   9
46   00010712   10
46   00065464   11
46   00064420   12
46   00119226   13
46   05847389   14
46   01373404   15
46   01394686   16
46   00590114   17
46   05972792   18
46   00066371   19
46   00080887   20
46   01430654   21
46   00010682   22
46   00012277   23
46   01202872   24
46   08946652   25
46   00067040   26
46   00062867   27
46   08973767   28
46   00107883   29
46   05834160   30
46   00065761   31
46   00992543   32
46   01313612   33
46   05823774   34
46   01333428   35
46   00118969   36
46   00655248   37
46   00067025   38
46   00128693   39
46   00068881   40
46   00010732   41
46   00068005   42
46   00066392   43
46   00119194   44
46   05828340   45
46   01455774   46
46   01394687   47
46   00590115   48
46   06047087   49
46   00066480   50
46   00093096   51
46   01433255   52
46   00012486   53
46   00012783   54
46   00980026   55
46   08964662   56
46   00103167   57
46   00062905   58
46   01141038   59
46   00645121   60
46   05834163   61
46   01251171   62
46   00993090   63
46   01315474   64
46   05823782   65
46   01333429   66
46   00118955   67
46   00655249   68
46   00067030   69
46   00761585   70
46   00069195   71
46   00014423   72
46   00068015   73
46   00123439   74
46   00108121   75
46   05828361   76
46   01455775   77
46   01394992   78
46   00591264   79
46   06047088   80
46   00122908   81
46   00063107   82
46   00123212   83
46   00066507   84
46   00068874   85
46   01132684   86
46   08964949   87
46   00012941   88
46   00103591   89
46   00127735   90
46   00072857   91
46   05834036   92
46   00627546   93
46   01308131   94
46   05826311   95
46   01333430   96
46   00118958   97
46   00655252   98
46   00112133   99
46   00753000   100
47   01282351   1
47   00087062   2
47   06145851   3
47   08963089   4
47   01424668   5
47   06003764   6
47   06236797   7
47   01453026   8
47   01469954   9
47   00766149   10
47   00760605   11
47   00121070   12
47   08964900   13
47   01440920   14
47   01303077   15
47   00629823   16
47   01420752   17
47   00129148   18
47   00015088   19
47   08967826   20
47   00129150   21
47   01454654   22
47   00077067   23
47   08966898   24
47   00623390   25
47   00707132   26
47   06103667   27
47   01454478   28
47   01474704   29
47   00065761   30
47   01416720   31
47   01263204   32
47   06145529   33
47   08973260   34
47   01240213   35
47   06003767   36
47   06236834   37
47   00072542   38
47   01469953   39
47   01003519   40
47   00760620   41
47   00121080   42
47   08966084   43
47   01441537   44
47   01398890   45
47   00629844   46
47   01014503   47
47   00129149   48
47   00077247   49
47   01247052   50
47   01005235   51
47   01454656   52
47   06130021   53
47   08974637   54
47   00623395   55
47   00707134   56
47   06104247   57
47   01400804   58
47   01474716   59
47   01251171   60
47   01416725   61
47   01048635   62
47   06145539   63
47   08945946   64
47   01254808   65
47   06003793   66
47   06236924   67
47   00603178   68
47   01469947   69
47   01162604   70
47   00760641   71
47   00626651   72
47   08966472   73
47   01441539   74
47   01398892   75
47   08966809   76
47   01014419   77
47   00129155   78
47   00082968   79
47   01247054   80
47   01366650   81
47   00122025   82
47   06130022   83
47   08974638   84
47   00059022   85
47   00650669   86
47   06104412   87
47   01400826   88
47   01474692   89
47   00627546   90
47   05827926   91
47   01186084   92
47   06145835   93
47   08946517   94
47   01432053   95
47   06003799   96
47   06237048   97
47   00689639   98
47   00728062   99
47   01162875   100
48   08946899   1
48   08965090   2
48   08965105   3
48   08965550   4
48   08965656   5
48   08966142   6
48   08965652   7
48   08965947   8
48   08965192   9
48   08965106   10
48   08965110   11
48   08946397   12
48   08965230   13
48   08965155   14
48   08965094   15
48   08966063   16
48   00065761   17
48   08965588   18
48   08965109   19
48   08966134   20
48   08965187   21
48   08966168   22
48   08966064   23
48   08967157   24
48   08965195   25
48   08965117   26
48   08965151   27
48   08946399   28
48   08967589   29
48   08965185   30
48   08965608   31
48   01251171   32
48   08967062   33
48   08965112   34
48   08966135   35
48   08965654   36
48   08966169   37
48   08965221   38
48   08969820   39
48   08965200   40
48   08965132   41
48   08963006   42
48   08967710   43
48   08967603   44
48   08973445   45
48   08968130   46
48   00627546   47
48   08967065   48
48   08965114   49
48   08966137   50
48   08965657   51
48   08966545   52
48   08967665   53
48   08970909   54
48   08965202   55
48   08965672   56
48   08965233   57
48   08966694   58
48   08967605   59
48   08965686   60
48   08969232   61
48   01251172   62
48   08967066   63
48   08965120   64
48   08967528   65
48   08966547   66
48   08967672   67
48   08966173   68
48   08970339   69
48   08967105   70
48   08969243   71
48   01261518   72
48   08967068   73
48   08965123   74
48   08963216   75
48   08967670   76
48   08966179   77
48   08965876   78
48   00148903   79
48   08969247   80
48   01261520   81
48   08967076   82
48   08965125   83
48   08965198   84
48   08965649   85
48   08966184   86
48   01342005   87
48   00106029   88
48   08966041   89
48   01382583   90
48   08967078   91
48   08965127   92
48   08965651   93
48   08966631   94
48   01342017   95
48   08966861   96
48   08966131   97
48   06078043   98
48   08967086   99
48   08965133   100
49   00809569   1
49   00097694   2
49   01112247   3
49   01474963   4
49   01007484   5
49   00591633   6
49   01145606   7
49   00080819   8
49   01264176   9
49   00809945   10
49   00656678   11
49   01269849   12
49   06251883   13
49   01142725   14
49   00077919   15
49   00151219   16
49   01475932   17
49   00151224   18
49   00150041   19
49   01339974   20
49   01478777   21
49   01310106   22
49   00651691   23
49   01257755   24
49   00811490   25
49   00649114   26
49   08946117   27
49   01506854   28
49   01144282   29
49   08946216   30
49   00065761   31
49   00811509   32
49   00087304   33
49   01289611   34
49   06089660   35
49   00151226   36
49   00591635   37
49   01145610   38
49   08965288   39
49   01264177   40
49   00810070   41
49   00656692   42
49   01269852   43
49   06251887   44
49   01142726   45
49   00077922   46
49   00151221   47
49   01476042   48
49   00151230   49
49   00150052   50
49   01339976   51
49   01478782   52
49   01367715   53
49   00808210   54
49   05863609   55
49   00829777   56
49   08946832   57
49   01506855   58
49   01144283   59
49   08967761   60
49   01251171   61
49   00810078   62
49   00080959   63
49   01314254   64
49   06089667   65
49   01507638   66
49   00591636   67
49   01145746   68
49   00072791   69
49   01264178   70
49   00656694   71
49   01269855   72
49   06251951   73
49   01142742   74
49   00093088   75
49   00151364   76
49   06190905   77
49   00151384   78
49   00625227   79
49   01339979   80
49   01162482   81
49   00850983   82
49   00811542   83
49   00102854   84
49   00849883   85
49   08946833   86
49   00810654   87
49   01509752   88
49   08967538   89
49   00627546   90
49   00695447   91
49   00083410   92
49   01346031   93
49   01475214   94
49   01008163   95
49   00591416   96
49   00062609   97
49   00074021   98
49   01269003   99
49   00656701   100
50   00084167   1
50   06253866   2
50   00141122   3
50   01368920   4
50   00104887   5
50   01045176   6
50   00121992   7
50   01161930   8
50   01316778   9
50   08969002   10
50   05986269   11
50   00695468   12
50   00106766   13
50   00006395   14
50   01388039   15
50   00639680   16
50   00123968   17
50   00887057   18
50   00782639   19
50   00012263   20
50   01292309   21
50   00006332   22
50   00120519   23
50   00009628   24
50   00141349   25
50   00123598   26
50   00139873   27
50   01383687   28
50   01028859   29
50   00065761   30
50   00084623   31
50   06253889   32
50   00059781   33
50   06069844   34
50   00104891   35
50   06289173   36
50   00121998   37
50   01161931   38
50   01316804   39
50   00011161   40
50   01265542   41
50   00644661   42
50   01277916   43
50   00006404   44
50   00062213   45
50   01129969   46
50   00081319   47
50   00887058   48
50   00779900   49
50   00150480   50
50   01352402   51
50   00006335   52
50   08971840   53
50   01275759   54
50   01442145   55
50   00123599   56
50   00140027   57
50   01383765   58
50   01206669   59
50   01251171   60
50   01492327   61
50   06253918   62
50   01254887   63
50   00105025   64
50   06289186   65
50   00121993   66
50   01078926   67
50   01316798   68
50   00076069   69
50   01453704   70
50   00644662   71
50   01278330   72
50   00006397   73
50   00072384   74
50   01265767   75
50   00014146   76
50   01497101   77
50   00779905   78
50   00102562   79
50   01352463   80
50   00006336   81
50   08972300   82
50   00009629   83
50   00083212   84
50   01430531   85
50   00066121   86
50   01463601   87
50   01206671   88
50   00627546   89
50   06253795   90
50   01360329   91
50   00104987   92
50   00104657   93
50   00151439   94
50   01362598   95
50   01430877   96
50   00059412   97
50   01061668   98
50   00150414   99
50   00644152   100