1   01314072   1
1   01314064   2
1   06229317   3
1   01314066   4
1   06189759   5
1   06189760   6
1   01314067   7
1   05983587   8
1   01314056   9
1   05983579   10
1   01314069   11
1   05983585   12
1   06229318   13
1   06004214   14
1   05980958   15
1   01314059   16
1   06004211   17
1   05983617   18
1   01283003   19
1   06004279   20
1   01314062   21
1   05980963   22
1   06004213   23
1   05983565   24
1   05983578   25
1   05983576   26
1   06004277   27
1   06004006   28
1   01283009   29
1   06229336   30
1   05983582   31
1   01322243   32
1   01441472   33
1   05983568   34
1   05983583   35
1   01180205   36
1   06229345   37
1   05983567   38
1   00938266   39
1   06229338   40
1   06004202   41
1   01441474   42
1   01249833   43
1   05983590   44
1   01180204   45
1   01180202   46
1   05983562   47
1   00757402   48
1   01314053   49
1   06189758   50
1   06040475   51
1   01283007   52
1   05983630   53
1   05983563   54
1   01314051   55
1   01315456   56
1   01314047   57
1   05983629   58
1   01249873   59
1   00642068   60
1   05983580   61
1   06135804   62
1   01314049   63
1   01322236   64
1   05983560   65
1   01283008   66
1   01315462   67
1   01283005   68
1   01468785   69
1   01315341   70
1   05983566   71
1   00938270   72
1   05983622   73
1   01315455   74
1   01314050   75
1   01315343   76
1   01314041   77
1   00938264   78
1   01171267   79
1   01314071   80
1   01315451   81
1   01314046   82
1   01171063   83
1   01315293   84
1   01315461   85
1   01315289   86
1   01322238   87
1   00938251   88
1   01171264   89
1   05983620   90
1   01322217   91
1   00938252   92
1   01322220   93
1   01315295   94
1   01322225   95
1   01315299   96
1   01322231   97
1   01315449   98
1   01315454   99
1   05960161   100
2   01491205   1
2   01181565   2
2   00613530   3
2   00654356   4
2   00613527   5
2   01030883   6
2   00873703   7
2   00613528   8
2   00607619   9
2   01181569   10
2   00654355   11
2   00656235   12
2   01030889   13
2   00656234   14
2   00613516   15
2   00088169   16
2   06263063   17
2   01210915   18
2   00873723   19
2   00613523   20
2   01059038   21
2   00656360   22
2   00874111   23
2   00836918   24
2   00613518   25
2   00603456   26
2   06262977   27
2   01181567   28
2   01210917   29
2   01030880   30
2   01059060   31
2   00656240   32
2   01030881   33
2   00603426   34
2   00613520   35
2   06263108   36
2   01520999   37
2   06262975   38
2   00656233   39
2   01059063   40
2   00836879   41
2   01181563   42
2   00603430   43
2   00873667   44
2   06263109   45
2   00873710   46
2   06263106   47
2   01181554   48
2   00860686   49
2   00860687   50
2   00603425   51
2   00873743   52
2   06263060   53
2   00654354   54
2   06263118   55
2   00603460   56
2   00603436   57
2   00597319   58
2   00603437   59
2   01210916   60
2   06263061   61
2   00594392   62
2   06263120   63
2   00088165   64
2   00603423   65
2   01096348   66
2   00873484   67
2   06263062   68
2   00597326   69
2   06263064   70
2   00658338   71
2   00603441   72
2   01059059   73
2   01030884   74
2   00658337   75
2   06263107   76
2   00603420   77
2   01181555   78
2   06262591   79
2   00597341   80
2   06263149   81
2   00603439   82
2   06263104   83
2   00603446   84
2   06263151   85
2   00603452   86
2   06262972   87
2   00874110   88
2   00603448   89
2   06263122   90
2   00654357   91
2   06262543   92
2   00699161   93
2   01030882   94
2   00699164   95
2   06262982   96
2   00603447   97
2   06263153   98
2   05847471   99
2   01096349   100
3   06189764   1
3   08970818   2
3   06121121   3
3   06101664   4
3   05909445   5
3   05909037   6
3   08970816   7
3   05909080   8
3   08970817   9
3   06101674   10
3   05909054   11
3   00114364   12
3   06220750   13
3   06220751   14
3   00115691   15
3   00111956   16
3   05909420   17
3   05909400   18
3   05909105   19
3   00080418   20
3   05909061   21
3   05909093   22
3   06220752   23
3   06220834   24
3   00115694   25
3   06221116   26
3   05909473   27
3   00100983   28
3   05909461   29
3   01216153   30
3   08967206   31
3   05909102   32
3   06220840   33
3   06220841   34
3   06278939   35
3   06220836   36
3   05909410   37
3   00114432   38
3   05909407   39
3   01013805   40
3   05909469   41
3   06220829   42
3   06221114   43
3   06221111   44
3   05909417   45
3   01013955   46
3   06101672   47
3   01013803   48
3   05909097   49
3   06220831   50
3   06220839   51
3   01216151   52
3   05909063   53
3   06004004   54
3   08945620   55
3   06098902   56
3   05909042   57
3   06221113   58
3   06220830   59
3   00620089   60
3   05909451   61
3   06098904   62
3   08967819   63
3   05909453   64
3   06220832   65
3   06103096   66
3   06278933   67
3   06101669   68
3   06098908   69
3   08963269   70
3   08945671   71
3   06220833   72
3   06103097   73
3   08967848   74
3   08970517   75
3   08973265   76
3   06221115   77
3   06098906   78
3   08971038   79
3   08971039   80
3   00111957   81
3   06220835   82
3   00093309   83
3   00114363   84
3   01236671   85
3   06058783   86
3   06278935   87
3   01396210   88
3   01208441   89
3   06058779   90
3   06278943   91
3   01396203   92
3   06098910   93
3   06278957   94
3   01396205   95
3   06098900   96
3   00011307   97
3   00099378   98
3   06098912   99
3   00099377   100
4   06098900   1
4   06278957   2
4   06147078   3
4   06033326   4
4   06273474   5
4   06098908   6
4   06278935   7
4   06033393   8
4   06098904   9
4   06147074   10
4   06147070   11
4   06098912   12
4   06098910   13
4   06147058   14
4   06273477   15
4   06273466   16
4   06033387   17
4   06273475   18
4   06273471   19
4   06278933   20
4   05853971   21
4   06273469   22
4   08967895   23
4   06147075   24
4   00121142   25
4   06033281   26
4   06278943   27
4   06278939   28
4   05853941   29
4   06177984   30
4   06098902   31
4   08965851   32
4   08963263   33
4   05986429   34
4   06022669   35
4   06273467   36
4   08971477   37
4   06273518   38
4   06263198   39
4   06098906   40
4   05853975   41
4   08969527   42
4   08965804   43
4   05981032   44
4   06022894   45
4   06273473   46
4   01206988   47
4   06273510   48
4   01248407   49
4   08971474   50
4   05853983   51
4   05913677   52
4   08967331   53
4   06022673   54
4   06022675   55
4   05853968   56
4   01206992   57
4   06273538   58
4   06022680   59
4   08971475   60
4   05853985   61
4   08969459   62
4   01156206   63
4   06187868   64
4   08971473   65
4   06187538   66
4   06022681   67
4   06096504   68
4   06147048   69
4   08971476   70
4   06033012   71
4   08971470   72
4   06033400   73
4   06187877   74
4   05981335   75
4   06147054   76
4   00708574   77
4   01206987   78
4   06022684   79
4   01252355   80
4   06187501   81
4   08964792   82
4   06022676   83
4   06022674   84
4   05981303   85
4   08969470   86
4   06022683   87
4   01248405   88
4   06187512   89
4   08967894   90
4   06022671   91
4   06022677   92
4   05981036   93
4   06033433   94
4   00709069   95
4   06022679   96
4   06033438   97
4   01156208   98
4   01206986   99
4   00708572   100
5   00692986   1
5   06204031   2
5   00701425   3
5   06189981   4
5   00103586   5
5   01135963   6
5   01225460   7
5   01225459   8
5   00070937   9
5   06272935   10
5   01207169   11
5   06204109   12
5   01085883   13
5   06204022   14
5   01225490   15
5   06204107   16
5   06204028   17
5   01225488   18
5   06204027   19
5   01207170   20
5   00715668   21
5   01225468   22
5   06204020   23
5   01225458   24
5   00129993   25
5   00794602   26
5   01016557   27
5   01147667   28
5   01207166   29
5   01025335   30
5   01225441   31
5   00794600   32
5   01085889   33
5   01225491   34
5   01016516   35
5   06273300   36
5   00803942   37
5   00140212   38
5   01016556   39
5   06189951   40
5   00794607   41
5   00933214   42
5   01252355   43
5   00801353   44
5   06203712   45
5   01248407   46
5   01016521   47
5   00666961   48
5   06273296   49
5   01147722   50
5   00933216   51
5   06105982   52
5   06273298   53
5   06203716   54
5   01471411   55
5   00630159   56
5   00701403   57
5   06189950   58
5   01016520   59
5   01225461   60
5   00095432   61
5   06273305   62
5   06203713   63
5   01015878   64
5   00795279   65
5   01025338   66
5   01248405   67
5   01471413   68
5   01147775   69
5   00925765   70
5   00701404   71
5   01256488   72
5   01225493   73
5   01016517   74
5   01135949   75
5   00701423   76
5   06105967   77
5   01248559   78
5   06189945   79
5   06273299   80
5   00769460   81
5   01414260   82
5   06105968   83
5   06189946   84
5   01414265   85
5   01471427   86
5   05998103   87
5   01414264   88
5   01279060   89
5   06273304   90
5   06204016   91
5   05998102   92
5   06203718   93
5   06189942   94
5   00067875   95
5   06203714   96
5   01225492   97
5   05976381   98
5   00067874   99
5   06204014   100
6   05983558   1
6   05983576   2
6   06133842   3
6   06293057   4
6   05983585   5
6   06292801   6
6   05983587   7
6   05983561   8
6   05983579   9
6   01281301   10
6   00628727   11
6   05983583   12
6   06257037   13
6   06292802   14
6   06283826   15
6   06292808   16
6   00897314   17
6   05983564   18
6   01012491   19
6   06293054   20
6   01136170   21
6   05983590   22
6   06293070   23
6   01281302   24
6   06283830   25
6   01281476   26
6   01195530   27
6   05983559   28
6   08972429   29
6   01012490   30
6   00660316   31
6   06256969   32
6   01343808   33
6   06293073   34
6   06292515   35
6   05827315   36
6   05827319   37
6   06256970   38
6   00628765   39
6   00062673   40
6   00660336   41
6   06257045   42
6   01343894   43
6   06293076   44
6   06292517   45
6   00648315   46
6   00666576   47
6   05983578   48
6   00660941   49
6   00084280   50
6   06256968   51
6   01232197   52
6   00072635   53
6   00660944   54
6   01374875   55
6   01506818   56
6   00628743   57
6   00084283   58
6   00066242   59
6   06256974   60
6   08969920   61
6   00628764   62
6   00660939   63
6   00666579   64
6   05980959   65
6   01068182   66
6   01281487   67
6   05983582   68
6   00063737   69
6   00629172   70
6   05980963   71
6   00081186   72
6   00084287   73
6   01352986   74
6   00610497   75
6   00063744   76
6   01382815   77
6   06281428   78
6   00648306   79
6   01422618   80
6   00897320   81
6   05827322   82
6   00660328   83
6   00660315   84
6   00660940   85
6   06281427   86
6   05827317   87
6   00666232   88
6   00066400   89
6   00660943   90
6   00099671   91
6   00666573   92
6   01281491   93
6   06281384   94
6   00897303   95
6   00666237   96
6   01239344   97
6   00648311   98
6   00008047   99
6   00627746   100
7   06240367   1
7   06240391   2
7   08967942   3
7   00794431   4
7   01205145   5
7   06240372   6
7   01205312   7
7   06229586   8
7   06240385   9
7   06240308   10
7   01362924   11
7   06209648   12
7   06229587   13
7   01362918   14
7   01205148   15
7   06240375   16
7   06240427   17
7   06039398   18
7   06240428   19
7   06240376   20
7   06209651   21
7   06209645   22
7   06229649   23
7   01362922   24
7   01205147   25
7   06209649   26
7   06240302   27
7   06039810   28
7   06240425   29
7   06240354   30
7   01362917   31
7   06229650   32
7   01362914   33
7   01205266   34
7   01362920   35
7   06240390   36
7   01019968   37
7   01001838   38
7   06240356   39
7   01363454   40
7   06229652   41
7   01205150   42
7   06240358   43
7   06240303   44
7   06209638   45
7   06240381   46
7   01363462   47
7   06229693   48
7   01205306   49
7   06240392   50
7   00943044   51
7   06209644   52
7   06240429   53
7   01173586   54
7   06229584   55
7   06240374   56
7   06209637   57
7   06209641   58
7   01033525   59
7   00628029   60
7   00689024   61
7   06238583   62
7   06209643   63
7   06209656   64
7   01205142   65
7   00794449   66
7   01362923   67
7   00664426   68
7   06209639   69
7   06209632   70
7   06238580   71
7   01205144   72
7   00664423   73
7   06209647   74
7   06209646   75
7   06238582   76
7   01184203   77
7   00727529   78
7   00727532   79
7   01184368   80
7   06238584   81
7   06209633   82
7   01017998   83
7   06240417   84
7   06209634   85
7   00794450   86
7   06241291   87
7   06209636   88
7   01173584   89
7   06209642   90
7   01205140   91
7   00664425   92
7   00628030   93
7   01362921   94
7   01001839   95
7   01363457   96
7   00843786   97
7   01363461   98
7   01018015   99
7   01363458   100
8   08974415   1
8   00944361   2
8   00729240   3
8   08970857   4
8   06215596   5
8   08970265   6
8   01134548   7
8   00014898   8
8   08974413   9
8   08974520   10
8   01164067   11
8   00149433   12
8   01164063   13
8   08971310   14
8   06208767   15
8   01176310   16
8   06209286   17
8   00944408   18
8   08974422   19
8   08974414   20
8   01164083   21
8   00142890   22
8   06209284   23
8   08966344   24
8   06208757   25
8   01361285   26
8   00944363   27
8   00115582   28
8   01164057   29
8   08974416   30
8   08969168   31
8   01060743   32
8   01348327   33
8   08974423   34
8   06208799   35
8   00729241   36
8   01471202   37
8   00014888   38
8   06208759   39
8   08974417   40
8   08964765   41
8   01060744   42
8   00944364   43
8   08974518   44
8   06215662   45
8   00729242   46
8   01471206   47
8   00014895   48
8   08968095   49
8   01361286   50
8   06209249   51
8   08974421   52
8   00014897   53
8   08968034   54
8   00944407   55
8   08970859   56
8   01164061   57
8   01060742   58
8   00691041   59
8   00115579   60
8   08974418   61
8   08967592   62
8   01164058   63
8   01134549   64
8   00142903   65
8   08974420   66
8   08974522   67
8   01164065   68
8   08971714   69
8   01060741   70
8   08965337   71
8   08974470   72
8   01134550   73
8   08974519   74
8   01060745   75
8   00690514   76
8   08946371   77
8   00944365   78
8   08974521   79
8   06209290   80
8   01134547   81
8   00944359   82
8   08974523   83
8   00142916   84
8   08969167   85
8   00944360   86
8   08974467   87
8   00944406   88
8   06209251   89
8   00944404   90
8   06208763   91
8   00142901   92
8   06208793   93
8   06209264   94
8   06208779   95
8   00149432   96
8   00944409   97
8   00944405   98
8   00115580   99
8   00115581   100
9   01328546   1
9   01328548   2
9   06002203   3
9   06002190   4
9   01328566   5
9   06002214   6
9   06002195   7
9   06002206   8
9   06002208   9
9   06002210   10
9   01328556   11
9   06002189   12
9   06002205   13
9   06002201   14
9   01328568   15
9   06002207   16
9   00809110   17
9   06279485   18
9   05982454   19
9   01328564   20
9   06208189   21
9   05833224   22
9   06142489   23
9   06208193   24
9   06002194   25
9   06208197   26
9   05982450   27
9   06203028   28
9   06202991   29
9   06240802   30
9   06208356   31
9   01328550   32
9   06240844   33
9   06208157   34
9   06002185   35
9   06203004   36
9   06202942   37
9   06202938   38
9   06203014   39
9   06208785   40
9   01328578   41
9   06208357   42
9   06208176   43
9   06208165   44
9   06002199   45
9   06102156   46
9   06102159   47
9   06203033   48
9   06202918   49
9   06208358   50
9   06104006   51
9   06208374   52
9   06202925   53
9   06202930   54
9   06027341   55
9   06102893   56
9   06026728   57
9   05879165   58
9   06203000   59
9   06208366   60
9   06078661   61
9   06203058   62
9   06070278   63
9   05856658   64
9   01059277   65
9   00590889   66
9   05997966   67
9   06102986   68
9   06203070   69
9   06208370   70
9   06102686   71
9   06203009   72
9   06142288   73
9   05857214   74
9   00677912   75
9   06026946   76
9   06202934   77
9   06203019   78
9   00905739   79
9   06203055   80
9   06026965   81
9   00616366   82
9   00904544   83
9   06026972   84
9   06202956   85
9   01061821   86
9   06026769   87
9   06026936   88
9   00905984   89
9   00904524   90
9   05857171   91
9   06103889   92
9   06142286   93
9   00715154   94
9   00905982   95
9   00904508   96
9   00904543   97
9   00600483   98
9   00905968   99
9   00616377   100
10   06152144   1
10   06039578   2
10   06152780   3
10   06039579   4
10   05821590   5
10   06152785   6
10   06152781   7
10   06152787   8
10   06152783   9
10   06152767   10
10   06152149   11
10   05998468   12
10   01442528   13
10   00673766   14
10   01442527   15
10   05821701   16
10   06152145   17
10   06152765   18
10   06152764   19
10   05821703   20
10   06152786   21
10   01398972   22
10   08945820   23
10   00673765   24
10   01442631   25
10   01359958   26
10   00076041   27
10   00673763   28
10   00673772   29
10   01493676   30
10   06039991   31
10   05998448   32
10   01399891   33
10   01442523   34
10   01129524   35
10   01346740   36
10   01493674   37
10   08971226   38
10   00673771   39
10   01290198   40
10   00672941   41
10   01399890   42
10   08966869   43
10   06069165   44
10   08969492   45
10   01128383   46
10   01399893   47
10   00673761   48
10   01401013   49
10   00673035   50
10   08970058   51
10   08967326   52
10   01399889   53
10   01128367   54
10   01128362   55
10   00106326   56
10   01359964   57
10   06144110   58
10   01346735   59
10   01128365   60
10   08965481   61
10   05982491   62
10   01128368   63
10   01128363   64
10   01359961   65
10   05985421   66
10   01346737   67
10   06238168   68
10   00062764   69
10   05982503   70
10   01128366   71
10   01128624   72
10   00143269   73
10   01352980   74
10   06238173   75
10   01379696   76
10   08969633   77
10   01349966   78
10   00148113   79
10   01379694   80
10   00007794   81
10   00113622   82
10   01128382   83
10   05985049   84
10   06238170   85
10   00058951   86
10   00112470   87
10   06238155   88
10   00151233   89
10   05985127   90
10   00131498   91
10   00645539   92
10   06144116   93
10   00133003   94
10   00063734   95
10   00128738   96
10   00697240   97
10   05985091   98
10   00063719   99
10   00128737   100
11   00115316   1
11   00114451   2
11   00081813   3
11   01401582   4
11   00107833   5
11   00115069   6
11   00119617   7
11   00083048   8
11   00115289   9
11   00114469   10
11   00119610   11
11   00106338   12
11   00082318   13
11   00781592   14
11   00118674   15
11   00113756   16
11   00114355   17
11   08963048   18
11   00108561   19
11   00082710   20
11   00079356   21
11   00114919   22
11   01401623   23
11   00781669   24
11   00119698   25
11   08968019   26
11   00104354   27
11   00083044   28
11   00119718   29
11   08946407   30
11   00080780   31
11   00114416   32
11   00107832   33
11   00009945   34
11   00124414   35
11   00082707   36
11   00854745   37
11   00115257   38
11   00082958   39
11   00119586   40
11   00781674   41
11   00083184   42
11   00115322   43
11   00118430   44
11   00117960   45
11   00854747   46
11   00114917   47
11   00119016   48
11   00113107   49
11   00114075   50
11   00079399   51
11   00115272   52
11   00115256   53
11   08967915   54
11   00823565   55
11   00117313   56
11   00113303   57
11   00118479   58
11   00120091   59
11   00079689   60
11   00118509   61
11   00117317   62
11   00079116   63
11   00116600   64
11   00104449   65
11   00726306   66
11   00115082   67
11   00104433   68
11   00117699   69
11   00101032   70
11   00081004   71
11   00114607   72
11   00117242   73
11   00854746   74
11   00114905   75
11   00115265   76
11   00119575   77
11   00114245   78
11   01401500   79
11   00113914   80
11   00119449   81
11   00118496   82
11   00660767   83
11   00117823   84
11   01401502   85
11   00119608   86
11   00119308   87
11   00118453   88
11   00078871   89
11   00081028   90
11   00079396   91
11   00118540   92
11   00105261   93
11   00119601   94
11   00114912   95
11   00081019   96
11   00082712   97
11   00080788   98
11   00112418   99
11   00092058   100
12   00058745   1
12   00075916   2
12   00075220   3
12   00008279   4
12   00085685   5
12   00058690   6
12   00141140   7
12   00085575   8
12   00069130   9
12   00058576   10
12   00061736   11
12   00075504   12
12   00145790   13
12   00113043   14
12   00058979   15
12   00058451   16
12   00122478   17
12   00073079   18
12   00073098   19
12   00085382   20
12   00069121   21
12   00065161   22
12   00134711   23
12   00011060   24
12   00065092   25
12   00061739   26
12   00115332   27
12   00085599   28
12   00082991   29
12   00069307   30
12   00058587   31
12   00065621   32
12   00100648   33
12   00058626   34
12   00061275   35
12   00078444   36
12   00058540   37
12   00075975   38
12   00065041   39
12   00085577   40
12   00061636   41
12   00065156   42
12   00136737   43
12   00069160   44
12   00014206   45
12   00112501   46
12   00102399   47
12   00085452   48
12   00065718   49
12   00122456   50
12   00100709   51
12   00084726   52
12   00085632   53
12   00058395   54
12   00141139   55
12   00058589   56
12   00075907   57
12   00069119   58
12   00103692   59
12   00058564   60
12   00077093   61
12   00141388   62
12   00058623   63
12   00122626   64
12   00134693   65
12   00085665   66
12   00069157   67
12   00058653   68
12   00069131   69
12   00058697   70
12   00139952   71
12   00112500   72
12   00013847   73
12   00058758   74
12   00140801   75
12   00085686   76
12   00058614   77
12   00065782   78
12   00078421   79
12   00141415   80
12   00124257   81
12   00118924   82
12   00084943   83
12   00085612   84
12   00112981   85
12   00134683   86
12   00140905   87
12   00058778   88
12   00065759   89
12   00069127   90
12   00113522   91
12   00134723   92
12   00077069   93
12   01420487   94
12   00139634   95
12   00083361   96
12   00102002   97
12   00135737   98
12   00102833   99
12   00058783   100
13   08973749   1
13   08971694   2
13   08974074   3
13   01137107   4
13   08973586   5
13   00080969   6
13   08974273   7
13   08969662   8
13   08971683   9
13   01137066   10
13   08971693   11
13   08974272   12
13   08974136   13
13   01026605   14
13   08971626   15
13   00125201   16
13   08974455   17
13   00070758   18
13   08973562   19
13   08972332   20
13   08974263   21
13   01136883   22
13   08974138   23
13   01026604   24
13   01136915   25
13   08974454   26
13   08946849   27
13   08969489   28
13   08972415   29
13   01136886   30
13   01137062   31
13   08969574   32
13   08974241   33
13   08974270   34
13   01136890   35
13   01137074   36
13   00126798   37
13   08971692   38
13   01136892   39
13   08965970   40
13   08964953   41
13   08973797   42
13   08974269   43
13   01137103   44
13   08972026   45
13   08970197   46
13   08974143   47
13   01026578   48
13   01345615   49
13   08974146   50
13   08972998   51
13   01026603   52
13   08974142   53
13   01136887   54
13   08974144   55
13   01026590   56
13   08971726   57
13   08974243   58
13   08973880   59
13   01026585   60
13   01221771   61
13   01136888   62
13   08973145   63
13   01026588   64
13   01137072   65
13   08974248   66
13   01026591   67
13   01136891   68
13   08970316   69
13   01137078   70
13   08974141   71
13   01137076   72
13   08970225   73
13   01137068   74
13   08974145   75
13   01137102   76
13   08971684   77
13   08966978   78
13   08972411   79
13   01136919   80
13   08974253   81
13   00062258   82
13   00067077   83
13   01137070   84
13   01026598   85
13   08972025   86
13   00076339   87
13   08974254   88
13   08974252   89
13   08969668   90
13   08974255   91
13   08971728   92
13   08969617   93
13   08970199   94
13   08969709   95
13   08970179   96
13   08965931   97
13   01026601   98
13   01026581   99
13   01026583   100
14   08966574   1
14   08969725   2
14   08962866   3
14   08970471   4
14   08968078   5
14   08966595   6
14   08966577   7
14   08966642   8
14   08967634   9
14   08966555   10
14   08969337   11
14   08969731   12
14   08970417   13
14   08969728   14
14   08970955   15
14   08970443   16
14   08969238   17
14   08966556   18
14   00702601   19
14   08970957   20
14   08969301   21
14   08970410   22
14   08970582   23
14   08968204   24
14   08967824   25
14   08967502   26
14   08970476   27
14   00980263   28
14   08970407   29
14   08970414   30
14   08966637   31
14   08969275   32
14   08971098   33
14   08970396   34
14   08966576   35
14   08966557   36
14   08970580   37
14   08963222   38
14   08970358   39
14   08969247   40
14   08970394   41
14   08969229   42
14   08970405   43
14   08969298   44
14   08969256   45
14   00979535   46
14   08945846   47
14   08970436   48
14   08969254   49
14   08970409   50
14   08970391   51
14   08970433   52
14   08969303   53
14   08969287   54
14   08969217   55
14   08970440   56
14   08967688   57
14   08969212   58
14   08970431   59
14   08969795   60
14   08969793   61
14   08967341   62
14   08970573   63
14   08970936   64
14   08967638   65
14   08967691   66
14   08970363   67
14   08970425   68
14   08969250   69
14   08969268   70
14   08969735   71
14   08969285   72
14   08969245   73
14   08969737   74
14   08970429   75
14   08970365   76
14   08969332   77
14   08969791   78
14   08969730   79
14   08970938   80
14   08969797   81
14   08965708   82
14   08970400   83
14   08970367   84
14   08969218   85
14   08969269   86
14   08969279   87
14   08969335   88
14   01290061   89
14   08970402   90
14   08969726   91
14   08970428   92
14   08969733   93
14   08970403   94
14   08969277   95
14   08969271   96
14   08969249   97
14   08969272   98
14   08969809   99
14   08970926   100
15   00980263   1
15   01250798   2
15   00980023   3
15   01254279   4
15   00122802   5
15   01340491   6
15   00647111   7
15   01254760   8
15   01254132   9
15   01252888   10
15   00979535   11
15   01125184   12
15   00950748   13
15   01254136   14
15   00101269   15
15   01340492   16
15   01225210   17
15   00115217   18
15   01254276   19
15   01254130   20
15   00980246   21
15   00918020   22
15   00084511   23
15   00071775   24
15   00645288   25
15   01507531   26
15   00125421   27
15   00979568   28
15   00980039   29
15   00632180   30
15   00645992   31
15   01123207   32
15   00645097   33
15   01252020   34
15   00698007   35
15   00096730   36
15   00646989   37
15   01253108   38
15   01250570   39
15   00980243   40
15   00980268   41
15   01254068   42
15   01123209   43
15   00918047   44
15   00008858   45
15   00980274   46
15   01253898   47
15   00914644   48
15   01476154   49
15   00647079   50
15   00647140   51
15   00151181   52
15   01447150   53
15   01126038   54
15   01286430   55
15   01252911   56
15   00776135   57
15   00980271   58
15   00127208   59
15   01385384   60
15   01351220   61
15   00776134   62
15   00084485   63
15   00071748   64
15   01125136   65
15   01158918   66
15   00075775   67
15   00912724   68
15   00912945   69
15   00979542   70
15   00151216   71
15   06178521   72
15   01033583   73
15   00081194   74
15   00912943   75
15   01012765   76
15   00980029   77
15   00912544   78
15   06178522   79
15   01125183   80
15   01012766   81
15   01125134   82
15   01447202   83
15   08970689   84
15   01249946   85
15   00081651   86
15   00918017   87
15   00081649   88
15   00980032   89
15   00144252   90
15   00980005   91
15   06178527   92
15   00980264   93
15   00008856   94
15   00698013   95
15   01032566   96
15   01152084   97
15   01447152   98
15   00980250   99
15   00062397   100
16   08969820   1
16   08970909   2
16   08969646   3
16   08968176   4
16   01262014   5
16   01426274   6
16   08965947   7
16   08970755   8
16   08967396   9
16   08964829   10
16   08969818   11
16   08969747   12
16   08964824   13
16   08974539   14
16   08968175   15
16   08972058   16
16   08969752   17
16   08946419   18
16   08964838   19
16   08967157   20
16   08969390   21
16   08964826   22
16   08974537   23
16   00140750   24
16   08972057   25
16   08945869   26
16   08967168   27
16   08964839   28
16   08969750   29
16   08946303   30
16   08967576   31
16   08974538   32
16   08969749   33
16   08964832   34
16   08970452   35
16   08964836   36
16   08971142   37
16   08966634   38
16   08969386   39
16   08974540   40
16   08969823   41
16   08964837   42
16   08968157   43
16   08966855   44
16   08964834   45
16   08966811   46
16   08974541   47
16   08968178   48
16   08964825   49
16   08967149   50
16   08970457   51
16   08966790   52
16   08969328   53
16   08974536   54
16   08946034   55
16   08968167   56
16   08967143   57
16   08969314   58
16   08966303   59
16   08969834   60
16   08966293   61
16   08969867   62
16   08968173   63
16   08966184   64
16   08968164   65
16   08965051   66
16   08968160   67
16   08966631   68
16   08967449   69
16   08970448   70
16   08966179   71
16   08945976   72
16   08946870   73
16   08968169   74
16   08968162   75
16   08968156   76
16   08947006   77
16   08963203   78
16   08967058   79
16   08945985   80
16   08969825   81
16   08969845   82
16   08967148   83
16   08946506   84
16   08968187   85
16   08969326   86
16   08969907   87
16   08967151   88
16   08969762   89
16   08963280   90
16   08963202   91
16   08968994   92
16   08967138   93
16   08946918   94
16   08967153   95
16   08967144   96
16   08967146   97
16   08964851   98
16   00905895   99
16   08966173   100
17   01244172   1
17   06222142   2
17   06299786   3
17   01244055   4
17   06240534   5
17   06169832   6
17   05828629   7
17   06238250   8
17   06169834   9
17   06222148   10
17   06240380   11
17   01137062   12
17   06294524   13
17   06288819   14
17   06240536   15
17   06222211   16
17   06222145   17
17   01187256   18
17   01244109   19
17   06222153   20
17   06240383   21
17   01137065   22
17   01186009   23
17   05980724   24
17   06240422   25
17   01244053   26
17   01244068   27
17   06240846   28
17   06238248   29
17   01244091   30
17   06240408   31
17   06282499   32
17   06240276   33
17   06288875   34
17   01244076   35
17   06240351   36
17   06240399   37
17   06288829   38
17   06240286   39
17   06238249   40
17   06240350   41
17   01200709   42
17   06240315   43
17   06288816   44
17   06240410   45
17   06282617   46
17   06282610   47
17   01237530   48
17   01137074   49
17   06240378   50
17   06240255   51
17   06238252   52
17   06282543   53
17   06288815   54
17   01237513   55
17   06238240   56
17   01281564   57
17   01281604   58
17   06282625   59
17   06240247   60
17   01184507   61
17   06282670   62
17   06300055   63
17   01200853   64
17   06238344   65
17   00910094   66
17   05980723   67
17   06240243   68
17   06222274   69
17   01200710   70
17   01244069   71
17   06289013   72
17   01244169   73
17   06222294   74
17   06238346   75
17   06222297   76
17   01244070   77
17   06294590   78
17   01281560   79
17   06222295   80
17   06238253   81
17   01387701   82
17   06024768   83
17   01068212   84
17   01068221   85
17   01200854   86
17   06238254   87
17   01200856   88
17   06222275   89
17   06238237   90
17   06222281   91
17   01283439   92
17   06222300   93
17   01244248   94
17   01237514   95
17   06238228   96
17   06238229   97
17   00910247   98
17   01237515   99
17   01281558   100
18   01027334   1
18   00063405   2
18   00951106   3
18   00616345   4
18   00065933   5
18   00063674   6
18   01260559   7
18   01294636   8
18   01296492   9
18   00066907   10
18   01410428   11
18   00771418   12
18   00064955   13
18   00951023   14
18   00064970   15
18   01296496   16
18   00110280   17
18   00065540   18
18   01296375   19
18   00110286   20
18   01415300   21
18   01296404   22
18   00110273   23
18   01296414   24
18   00110253   25
18   00951103   26
18   00110278   27
18   01296480   28
18   00110265   29
18   01415140   30
18   01296505   31
18   00065939   32
18   01294644   33
18   01296500   34
18   01296370   35
18   01284924   36
18   01296361   37
18   00110919   38
18   01296507   39
18   00982810   40
18   01296372   41
18   00951022   42
18   01294639   43
18   01296405   44
18   01296395   45
18   01364294   46
18   01295003   47
18   08946978   48
18   01296359   49
18   00066905   50
18   01294649   51
18   01296378   52
18   01296418   53
18   00110258   54
18   01296401   55
18   01036669   56
18   08963211   57
18   01296409   58
18   01296357   59
18   01296472   60
18   00063449   61
18   01296419   62
18   01296455   63
18   00066900   64
18   01294641   65
18   01296486   66
18   08969965   67
18   01296352   68
18   01295955   69
18   01296350   70
18   01296428   71
18   01294635   72
18   00064954   73
18   01294648   74
18   01296362   75
18   01296381   76
18   00066915   77
18   01294653   78
18   01296483   79
18   01295954   80
18   00066909   81
18   01295957   82
18   01296394   83
18   00066917   84
18   00683158   85
18   01296423   86
18   00065936   87
18   01296426   88
18   01296489   89
18   01296448   90
18   00951131   91
18   00110268   92
18   00110282   93
18   00110245   94
18   01296351   95
18   01296391   96
18   01296420   97
18   01296475   98
18   01296399   99
18   00823094   100
19   06141428   1
19   01184186   2
19   01151948   3
19   01176906   4
19   01184188   5
19   01184192   6
19   00722940   7
19   01310981   8
19   05846012   9
19   00732124   10
19   01310972   11
19   00727721   12
19   00732125   13
19   01311370   14
19   01184189   15
19   01184184   16
19   05846006   17
19   01311005   18
19   05846014   19
19   05846013   20
19   00650472   21
19   06141432   22
19   00732126   23
19   01022297   24
19   01184193   25
19   01184191   26
19   00650480   27
19   00618626   28
19   01178891   29
19   01311006   30
19   00650479   31
19   01311013   32
19   05846015   33
19   00649076   34
19   00760703   35
19   01184194   36
19   00650474   37
19   00618627   38
19   01178890   39
19   01311010   40
19   00762321   41
19   01310982   42
19   01311014   43
19   00649077   44
19   00760704   45
19   00760672   46
19   00650502   47
19   00618641   48
19   01151946   49
19   01311016   50
19   00946612   51
19   00961866   52
19   00594698   53
19   00649078   54
19   00760670   55
19   00760669   56
19   01377266   57
19   01022296   58
19   01151950   59
19   00961871   60
19   00946613   61
19   01350515   62
19   00594706   63
19   00650497   64
19   00762330   65
19   01151949   66
19   01377267   67
19   00816993   68
19   00762318   69
19   00594704   70
19   00678866   71
19   00650476   72
19   00594705   73
19   00762325   74
19   00594702   75
19   00650477   76
19   00762326   77
19   01088388   78
19   00650478   79
19   00925656   80
19   00762320   81
19   01333885   82
19   00650499   83
19   00762327   84
19   00762322   85
19   00762323   86
19   00675580   87
19   01371600   88
19   00762324   89
19   00946627   90
19   00762328   91
19   00650495   92
19   00762316   93
19   00762317   94
19   00650473   95
19   00651139   96
19   00946616   97
19   00650494   98
19   00678796   99
19   00678873   100
20   08963292   1
20   06238275   2
20   06238262   3
20   01260620   4
20   06238291   5
20   06300787   6
20   06149592   7
20   06300771   8
20   06301148   9
20   06189757   10
20   06189747   11
20   01384761   12
20   06238313   13
20   06149573   14
20   06238314   15
20   06301133   16
20   06189749   17
20   06238267   18
20   06189755   19
20   06238270   20
20   06238293   21
20   00756585   22
20   06238315   23
20   06149585   24
20   06238263   25
20   06238292   26
20   06238265   27
20   00097543   28
20   06189756   29
20   06238276   30
20   06238268   31
20   06023992   32
20   01002121   33
20   01255294   34
20   06041131   35
20   06238277   36
20   06238266   37
20   06040888   38
20   06238273   39
20   06041054   40
20   08966363   41
20   06024007   42
20   00097548   43
20   01255297   44
20   01206535   45
20   06238295   46
20   06238280   47
20   01255292   48
20   06024001   49
20   06040876   50
20   08969456   51
20   06040887   52
20   06040877   53
20   06149299   54
20   06238290   55
20   08945821   56
20   06149075   57
20   06041045   58
20   08964856   59
20   06040972   60
20   06149579   61
20   01216162   62
20   06238306   63
20   06040971   64
20   01216164   65
20   06040875   66
20   08966319   67
20   06149549   68
20   06149049   69
20   08967826   70
20   06149032   71
20   01214625   72
20   06040878   73
20   08963293   74
20   06149555   75
20   06041056   76
20   00756829   77
20   01255271   78
20   08966787   79
20   06149041   80
20   01384764   81
20   01255273   82
20   01255274   83
20   06149558   84
20   01002115   85
20   01214634   86
20   06149045   87
20   00103577   88
20   06149028   89
20   06023946   90
20   06041055   91
20   06023979   92
20   01255275   93
20   06023977   94
20   01225531   95
20   01206531   96
20   06149084   97
20   06040831   98
20   06041043   99
20   01216229   100
21   01275066   1
21   01477825   2
21   01069580   3
21   00826837   4
21   01069619   5
21   01045548   6
21   00826833   7
21   01464764   8
21   06209412   9
21   01305072   10
21   00981553   11
21   00830676   12
21   01064394   13
21   01063379   14
21   01069582   15
21   01045559   16
21   01069846   17
21   01305510   18
21   06221868   19
21   01464863   20
21   06221810   21
21   01477791   22
21   06221607   23
21   01219193   24
21   01219194   25
21   00825432   26
21   00977909   27
21   01305511   28
21   06221978   29
21   01386723   30
21   01481111   31
21   06207662   32
21   00825390   33
21   06102517   34
21   00825392   35
21   06221982   36
21   01063358   37
21   00826787   38
21   00825435   39
21   01466228   40
21   00826790   41
21   06183769   42
21   06221600   43
21   06187573   44
21   06221981   45
21   00825391   46
21   00826785   47
21   01477840   48
21   06213024   49
21   00826922   50
21   00933025   51
21   06221597   52
21   00826759   53
21   00826804   54
21   06221834   55
21   00893224   56
21   01477792   57
21   06213032   58
21   00826679   59
21   00826857   60
21   00826802   61
21   00826783   62
21   00977145   63
21   00935676   64
21   00893247   65
21   00893265   66
21   00977125   67
21   01045683   68
21   00826811   69
21   00825438   70
21   06102514   71
21   00892826   72
21   06102250   73
21   00826840   74
21   01305073   75
21   00827052   76
21   00825439   77
21   06209411   78
21   01382787   79
21   00915723   80
21   01477829   81
21   00827002   82
21   00827019   83
21   00893204   84
21   00826780   85
21   00827095   86
21   00826775   87
21   00830674   88
21   00826754   89
21   06102520   90
21   00892505   91
21   00826746   92
21   00892543   93
21   00830677   94
21   00830673   95
21   00826973   96
21   00830670   97
21   00830671   98
21   00892544   99
21   00892583   100
22   06280843   1
22   01357589   2
22   06184222   3
22   06142488   4
22   01316108   5
22   01357567   6
22   06184038   7
22   06184223   8
22   00102659   9
22   00102674   10
22   06279420   11
22   01316094   12
22   06184242   13
22   01034337   14
22   06279435   15
22   06184183   16
22   01316177   17
22   06184182   18
22   06184076   19
22   06184072   20
22   06183966   21
22   00118730   22
22   06142489   23
22   06184241   24
22   06279184   25
22   06278905   26
22   06278906   27
22   00091738   28
22   01316153   29
22   06280848   30
22   06184247   31
22   05872330   32
22   01316168   33
22   06152030   34
22   06279476   35
22   06279477   36
22   06280839   37
22   06279434   38
22   00101863   39
22   06279281   40
22   00001439   41
22   06279339   42
22   00102657   43
22   06279365   44
22   06184045   45
22   06280849   46
22   06183697   47
22   06279479   48
22   06184254   49
22   06278896   50
22   06279418   51
22   00091735   52
22   06184123   53
22   06184058   54
22   06279485   55
22   06184316   56
22   06278902   57
22   06278894   58
22   06278898   59
22   06184255   60
22   00085117   61
22   06183713   62
22   06184218   63
22   06183665   64
22   06183949   65
22   05872222   66
22   00070608   67
22   05872235   68
22   06183869   69
22   05873073   70
22   00010726   71
22   06278908   72
22   01008856   73
22   06183690   74
22   05872902   75
22   05997926   76
22   05997929   77
22   00071453   78
22   05872248   79
22   00130073   80
22   05872624   81
22   00102675   82
22   01214260   83
22   01466939   84
22   05997928   85
22   05982411   86
22   05982415   87
22   06112988   88
22   05872241   89
22   05982414   90
22   05872243   91
22   05872539   92
22   05872228   93
22   05872357   94
22   05872233   95
22   05872716   96
22   01207087   97
22   05872619   98
22   01418062   99
22   01207086   100
23   00070548   1
23   00109580   2
23   00620373   3
23   00958818   4
23   00620364   5
23   00927965   6
23   00620368   7
23   00620366   8
23   00620345   9
23   00620365   10
23   00071121   11
23   00109578   12
23   01518024   13
23   00958815   14
23   00958812   15
23   00620346   16
23   00958814   17
23   00958821   18
23   00620353   19
23   00620371   20
23   00717424   21
23   00109576   22
23   00929451   23
23   00929426   24
23   00929425   25
23   01385622   26
23   00929476   27
23   00958809   28
23   00958810   29
23   00958822   30
23   01521414   31
23   00929477   32
23   00109572   33
23   00929469   34
23   00071123   35
23   00929449   36
23   00928272   37
23   01517865   38
23   01517934   39
23   00927923   40
23   01358919   41
23   00929430   42
23   01385627   43
23   01003596   44
23   00927966   45
23   00929434   46
23   00927928   47
23   01518058   48
23   00929475   49
23   00620369   50
23   01498675   51
23   01262001   52
23   06183769   53
23   00012609   54
23   00620348   55
23   00109581   56
23   00615745   57
23   00620350   58
23   00929473   59
23   00132973   60
23   01022825   61
23   00927943   62
23   01520542   63
23   01358917   64
23   00102897   65
23   01003593   66
23   01262013   67
23   00928123   68
23   00929452   69
23   00945255   70
23   01520544   71
23   00929478   72
23   00928124   73
23   00620367   74
23   06183825   75
23   00929444   76
23   06183755   77
23   00106083   78
23   00929480   79
23   01262014   80
23   00697862   81
23   00615746   82
23   00929446   83
23   00109573   84
23   00929427   85
23   06186123   86
23   01003594   87
23   00927964   88
23   00109582   89
23   00929467   90
23   00929454   91
23   00109290   92
23   00927925   93
23   00615744   94
23   00929445   95
23   01520559   96
23   00929428   97
23   00929453   98
23   00929448   99
23   00927963   100
24   08967317   1
24   06056158   2
24   08965419   3
24   06056442   4
24   08965314   5
24   08967536   6
24   08966295   7
24   08967132   8
24   06056454   9
24   06056445   10
24   08966794   11
24   06056161   12
24   08965865   13
24   08969212   14
24   08965304   15
24   08967384   16
24   08966296   17
24   08946379   18
24   06056459   19
24   06056441   20
24   08969201   21
24   06056438   22
24   08969332   23
24   08969752   24
24   08965707   25
24   08964819   26
24   08966030   27
24   08946878   28
24   06056446   29
24   08969749   30
24   08945846   31
24   06056439   32
24   08969250   33
24   08969759   34
24   08969254   35
24   08945862   36
24   08945845   37
24   08969795   38
24   06056449   39
24   08963222   40
24   01040323   41
24   08969793   42
24   08969740   43
24   08969245   44
24   08965265   45
24   08965309   46
24   08969750   47
24   06056444   48
24   08965308   49
24   01187905   50
24   08969252   51
24   00073014   52
24   08969247   53
24   08965302   54
24   08969791   55
24   08969231   56
24   06056457   57
24   08946552   58
24   00679741   59
24   08946554   60
24   08969797   61
24   08966629   62
24   08969268   63
24   08969295   64
24   06056435   65
24   08965452   66
24   06056075   67
24   08965318   68
24   08969747   69
24   08969413   70
24   08969218   71
24   08969762   72
24   06056443   73
24   08965976   74
24   08967377   75
24   08969297   76
24   08969249   77
24   06056448   78
24   08968013   79
24   08969851   80
24   08967824   81
24   08969285   82
24   08969293   83
24   08967587   84
24   08969217   85
24   08965029   86
24   08969237   87
24   08970936   88
24   08969806   89
24   08969737   90
24   08966998   91
24   08969809   92
24   08967141   93
24   08969425   94
24   08965030   95
24   08967867   96
24   08967354   97
24   08969292   98
24   08969746   99
24   00679742   100
25   01448094   1
25   01450378   2
25   00112685   3
25   00108371   4
25   01435337   5
25   00108598   6
25   00128850   7
25   00111726   8
25   00108372   9
25   01448093   10
25   01448095   11
25   01450375   12
25   01448091   13
25   00128848   14
25   00069185   15
25   00108599   16
25   01491578   17
25   00069175   18
25   00106485   19
25   00111251   20
25   01450369   21
25   01450374   22
25   00109307   23
25   01393930   24
25   00069180   25
25   00111254   26
25   01491588   27
25   00105114   28
25   00105238   29
25   00750710   30
25   00069449   31
25   01483685   32
25   00111825   33
25   00069182   34
25   00128859   35
25   00069133   36
25   01130762   37
25   00069178   38
25   00069167   39
25   00069186   40
25   01493809   41
25   01132379   42
25   00105115   43
25   00996974   44
25   00069163   45
25   00012783   46
25   00116567   47
25   00107004   48
25   01370732   49
25   01370730   50
25   00074036   51
25   00996975   52
25   01443057   53
25   00069456   54
25   00086982   55
25   01313330   56
25   01493555   57
25   00107008   58
25   01493562   59
25   01132407   60
25   01493807   61
25   01130782   62
25   00069418   63
25   00068874   64
25   00108152   65
25   00959085   66
25   00128882   67
25   00821557   68
25   00112188   69
25   00012803   70
25   00944417   71
25   00013412   72
25   00010945   73
25   01131792   74
25   00069374   75
25   00799650   76
25   00112471   77
25   00010629   78
25   00105245   79
25   08970860   80
25   00012306   81
25   00108154   82
25   00012277   83
25   01313303   84
25   01444314   85
25   01493721   86
25   00069441   87
25   01493718   88
25   00799563   89
25   01129722   90
25   00798590   91
25   00105122   92
25   00799634   93
25   00073891   94
25   00001012   95
25   01178884   96
25   01344137   97
25   01313304   98
25   01178887   99
25   00068106   100
26   06098111   1
26   06299370   2
26   06026843   3
26   06107499   4
26   06098168   5
26   06106548   6
26   06106553   7
26   06107498   8
26   06098100   9
26   05831055   10
26   06097964   11
26   06098109   12
26   06098580   13
26   06107495   14
26   06026795   15
26   05831054   16
26   06299486   17
26   06097972   18
26   06240274   19
26   05831017   20
26   06299337   21
26   06098110   22
26   05836231   23
26   06098028   24
26   06026783   25
26   06106415   26
26   06026798   27
26   06098193   28
26   06239735   29
26   06107386   30
26   06299423   31
26   06116372   32
26   05836221   33
26   06106414   34
26   06026825   35
26   06299425   36
26   06026868   37
26   06098620   38
26   06098547   39
26   06299405   40
26   06299351   41
26   05967649   42
26   06153906   43
26   06106400   44
26   06026850   45
26   06026452   46
26   06026530   47
26   06242371   48
26   06098079   49
26   06240267   50
26   06026789   51
26   06106551   52
26   06153951   53
26   06239730   54
26   06153895   55
26   05836235   56
26   06098077   57
26   06026819   58
26   06242360   59
26   06026998   60
26   06107548   61
26   06098098   62
26   06098170   63
26   06153911   64
26   05836216   65
26   06026836   66
26   05836115   67
26   06026642   68
26   06098594   69
26   06098103   70
26   06026358   71
26   06026840   72
26   05836213   73
26   05836217   74
26   05967716   75
26   06026827   76
26   05836215   77
26   06026805   78
26   05836107   79
26   05836214   80
26   05836079   81
26   06153883   82
26   06098057   83
26   06116368   84
26   06107490   85
26   05836220   86
26   06153913   87
26   06098058   88
26   06026846   89
26   06097957   90
26   06098115   91
26   06098126   92
26   06098070   93
26   06098108   94
26   05836085   95
26   06107529   96
26   05967645   97
26   05967699   98
26   06098123   99
26   06097961   100
27   08967862   1
27   01370480   2
27   00087171   3
27   06300747   4
27   00868843   5
27   01129500   6
27   01276684   7
27   01276685   8
27   08968987   9
27   01276692   10
27   08968232   11
27   00868845   12
27   01276682   13
27   01276686   14
27   01129523   15
27   01370492   16
27   00868842   17
27   01276693   18
27   08967017   19
27   01370477   20
27   08967427   21
27   01129499   22
27   01276683   23
27   01276688   24
27   08963292   25
27   01390438   26
27   01370482   27
27   01370479   28
27   08971114   29
27   01370490   30
27   08968967   31
27   01370493   32
27   01184122   33
27   01183902   34
27   08969035   35
27   01390422   36
27   01370489   37
27   01034217   38
27   00095425   39
27   00868850   40
27   00717786   41
27   01390432   42
27   01061785   43
27   01183852   44
27   01390423   45
27   01390441   46
27   01061784   47
27   00868847   48
27   00717782   49
27   01370491   50
27   01370475   51
27   01390428   52
27   01184430   53
27   00833871   54
27   01226189   55
27   01390443   56
27   00868856   57
27   00868848   58
27   01184443   59
27   01370494   60
27   00833859   61
27   01390433   62
27   06168270   63
27   01129501   64
27   01390447   65
27   00868846   66
27   01184446   67
27   01183855   68
27   01390429   69
27   01184444   70
27   01226320   71
27   01129525   72
27   01129510   73
27   01370496   74
27   01370481   75
27   01390430   76
27   01370501   77
27   01184447   78
27   01184442   79
27   01390424   80
27   01061782   81
27   01226174   82
27   08969530   83
27   01370499   84
27   01370500   85
27   01390425   86
27   08969043   87
27   08967392   88
27   06168277   89
27   01370497   90
27   06148836   91
27   08946965   92
27   06032957   93
27   01390435   94
27   08965884   95
27   01265643   96
27   01390426   97
27   08966829   98
27   06032992   99
27   01390445   100
28   01191971   1
28   00781503   2
28   01147525   3
28   01191972   4
28   01360756   5
28   01183299   6
28   01182866   7
28   01182869   8
28   00755875   9
28   01182862   10
28   01360723   11
28   00781507   12
28   06220950   13
28   01185464   14
28   00615525   15
28   01183311   16
28   01182872   17
28   01182871   18
28   00759121   19
28   01182867   20
28   00781542   21
28   01461727   22
28   06220980   23
28   01191963   24
28   01183302   25
28   00762179   26
28   01182865   27
28   01182863   28
28   00759153   29
28   01360757   30
28   00755056   31
28   01116819   32
28   00781501   33
28   01183294   34
28   00762178   35
28   01182864   36
28   01147522   37
28   00948431   38
28   01183293   39
28   00755057   40
28   00755054   41
28   01116788   42
28   01183300   43
28   00755323   44
28   01182870   45
28   01182868   46
28   01360061   47
28   01183313   48
28   00762176   49
28   01116840   50
28   01461739   51
28   01147528   52
28   01360854   53
28   06221143   54
28   01183292   55
28   01040308   56
28   01424534   57
28   01461728   58
28   01183304   59
28   00755055   60
28   01461742   61
28   01089343   62
28   01424474   63
28   01461724   64
28   01183303   65
28   01179928   66
28   06271303   67
28   00755341   68
28   06221144   69
28   00755053   70
28   01360764   71
28   01461744   72
28   06220956   73
28   06221148   74
28   00755052   75
28   01182873   76
28   01461579   77
28   00634512   78
28   00755360   79
28   01183310   80
28   01461621   81
28   00615306   82
28   00755364   83
28   01183297   84
28   01040307   85
28   00755043   86
28   00755058   87
28   00755048   88
28   00755046   89
28   01461733   90
28   00755049   91
28   01040306   92
28   00948433   93
28   00755381   94
28   01116841   95
28   00755386   96
28   01470089   97
28   00755047   98
28   06220959   99
28   06220982   100
29   06222211   1
29   01244053   2
29   06299786   3
29   05828629   4
29   01244076   5
29   06222142   6
29   00910232   7
29   00869315   8
29   06222153   9
29   01281564   10
29   06169832   11
29   01281558   12
29   01207703   13
29   00869421   14
29   00907047   15
29   01137062   16
29   00910234   17
29   01136890   18
29   06222148   19
29   01244090   20
29   00910247   21
29   00910117   22
29   00744283   23
29   00085119   24
29   00907048   25
29   01137065   26
29   06169834   27
29   01184507   28
29   06222145   29
29   06238248   30
29   01281638   31
29   01281642   32
29   00744320   33
29   01281560   34
29   00910124   35
29   01200709   36
29   01244055   37
29   01186009   38
29   01281604   39
29   06240286   40
29   00869312   41
29   01281608   42
29   06240408   43
29   01281571   44
29   01281567   45
29   06240247   46
29   01281573   47
29   00744313   48
29   01244169   49
29   01244172   50
29   06240410   51
29   06240380   52
29   00910165   53
29   01244109   54
29   06240255   55
29   01244209   56
29   01244136   57
29   01137074   58
29   01027239   59
29   06240351   60
29   06240383   61
29   00744483   62
29   01244129   63
29   06240243   64
29   01068179   65
29   00011626   66
29   01027276   67
29   01200854   68
29   00744484   69
29   01244134   70
29   06240315   71
29   01068210   72
29   01281605   73
29   00869309   74
29   06240534   75
29   06240276   76
29   01187256   77
29   01244069   78
29   00869311   79
29   06240536   80
29   00910130   81
29   06240378   82
29   01244068   83
29   06240422   84
29   00910094   85
29   06240350   86
29   01281613   87
29   01200710   88
29   01281619   89
29   01200856   90
29   06240399   91
29   01281632   92
29   01200853   93
29   00744527   94
29   01237513   95
29   01244091   96
29   01244054   97
29   06240846   98
29   06238249   99
29   06238250   100
30   00779130   1
30   01023055   2
30   00921083   3
30   00894763   4
30   00897885   5
30   01391532   6
30   00100101   7
30   01296637   8
30   00772200   9
30   00894850   10
30   01489617   11
30   00643283   12
30   01336799   13
30   01469223   14
30   00714861   15
30   00643282   16
30   01267433   17
30   08963300   18
30   01401157   19
30   01489619   20
30   01267445   21
30   01408655   22
30   00643281   23
30   01456549   24
30   01235210   25
30   00772198   26
30   01178402   27
30   00643280   28
30   00897878   29
30   01084018   30
30   00117920   31
30   00117346   32
30   00779141   33
30   00897907   34
30   01225753   35
30   01469224   36
30   00116840   37
30   00799159   38
30   00897879   39
30   01489624   40
30   01266621   41
30   01398342   42
30   00772202   43
30   00897884   44
30   06002465   45
30   01266068   46
30   01032063   47
30   01440118   48
30   01178855   49
30   00643275   50
30   01266622   51
30   00938592   52
30   00897906   53
30   01205085   54
30   01440119   55
30   01043459   56
30   00787149   57
30   00102720   58
30   00657057   59
30   01439882   60
30   01135518   61
30   00897876   62
30   01266071   63
30   01329352   64
30   01226891   65
30   06025324   66
30   00082660   67
30   01439887   68
30   01469222   69
30   00128976   70
30   00698263   71
30   00140384   72
30   01241069   73
30   00690601   74
30   01440120   75
30   01515048   76
30   01439888   77
30   01225749   78
30   06212563   79
30   00119229   80
30   01266619   81
30   01296639   82
30   01266073   83
30   01205083   84
30   06212565   85
30   01406545   86
30   01255550   87
30   01242282   88
30   00897908   89
30   01256850   90
30   00130217   91
30   01242288   92
30   01034465   93
30   01205926   94
30   01477564   95
30   00746742   96
30   00150454   97
30   06002816   98
30   00643266   99
30   00643268   100
31   06238522   1
31   06238509   2
31   06238534   3
31   05960260   4
31   06238537   5
31   06238508   6
31   06238520   7
31   00689259   8
31   06238523   9
31   06238511   10
31   06238556   11
31   06238513   12
31   06238529   13
31   05960262   14
31   06238521   15
31   06238510   16
31   06238539   17
31   06238500   18
31   06238540   19
31   06234751   20
31   06238630   21
31   06238614   22
31   06238516   23
31   05982818   24
31   06238542   25
31   06238541   26
31   05982836   27
31   06238628   28
31   06238524   29
31   05982829   30
31   06238616   31
31   06238549   32
31   06238514   33
31   05982821   34
31   06238512   35
31   06238517   36
31   06238637   37
31   06238619   38
31   05982827   39
31   05982831   40
31   06238553   41
31   06238631   42
31   06238538   43
31   05982812   44
31   06238528   45
31   06238499   46
31   06238557   47
31   01184385   48
31   06238632   49
31   06238635   50
31   06238615   51
31   05998485   52
31   06238536   53
31   05982823   54
31   06238543   55
31   06238502   56
31   06238638   57
31   05960257   58
31   06238639   59
31   06238636   60
31   00843970   61
31   06238515   62
31   06238497   63
31   06238501   64
31   06238505   65
31   06238640   66
31   00688643   67
31   06238551   68
31   05960241   69
31   05982758   70
31   06238496   71
31   06238495   72
31   06238620   73
31   05998430   74
31   06238612   75
31   05960250   76
31   05982810   77
31   06238498   78
31   06238547   79
31   05960259   80
31   06299287   81
31   06238552   82
31   05960239   83
31   05982834   84
31   06238545   85
31   06238618   86
31   00688495   87
31   06238550   88
31   06238555   89
31   06238544   90
31   06238633   91
31   00688642   92
31   06238617   93
31   05960245   94
31   05960240   95
31   05960249   96
31   05960243   97
31   05960251   98
31   05960242   99
31   06299278   100
32   00064463   1
32   05870057   2
32   05870024   3
32   06291083   4
32   01510952   5
32   05871806   6
32   05872194   7
32   01312537   8
32   01325414   9
32   01258030   10
32   01312592   11
32   01258012   12
32   05870055   13
32   05850541   14
32   01325485   15
32   01510587   16
32   01312589   17
32   05871712   18
32   00104115   19
32   05872694   20
32   01341442   21
32   05864634   22
32   05870471   23
32   05869999   24
32   01312588   25
32   01258033   26
32   01510589   27
32   06291086   28
32   01121286   29
32   05871728   30
32   01312554   31
32   05869518   32
32   01425721   33
32   05842932   34
32   05862482   35
32   06280284   36
32   00063265   37
32   01508450   38
32   06296212   39
32   05958341   40
32   00065238   41
32   05870179   42
32   05958378   43
32   06195868   44
32   01313697   45
32   05869515   46
32   06296242   47
32   06291098   48
32   05842136   49
32   05870713   50
32   05958296   51
32   05959136   52
32   01313705   53
32   06296180   54
32   06291071   55
32   00103580   56
32   05959153   57
32   06280405   58
32   01135314   59
32   05870576   60
32   05871786   61
32   05841927   62
32   06280255   63
32   05870509   64
32   00015171   65
32   05870588   66
32   05841936   67
32   05870574   68
32   06280256   69
32   05870456   70
32   06291068   71
32   06296228   72
32   05850544   73
32   06280287   74
32   06195879   75
32   06296181   76
32   06296248   77
32   00918252   78
32   06296246   79
32   06280291   80
32   06296182   81
32   06280319   82
32   05871768   83
32   05841915   84
32   05870400   85
32   05841884   86
32   05824918   87
32   05870386   88
32   05871607   89
32   05826654   90
32   01508449   91
32   05870114   92
32   05826759   93
32   05871648   94
32   05825704   95
32   05871751   96
32   05872212   97
32   05870153   98
32   00059295   99
32   05870678   100
33   01463620   1
33   06114997   2
33   06114998   3
33   06065679   4
33   01485643   5
33   06054679   6
33   01463851   7
33   06078004   8
33   06076374   9
33   06078011   10
33   06065624   11
33   06114983   12
33   01481044   13
33   05965348   14
33   01463852   15
33   00833079   16
33   00001294   17
33   06065645   18
33   06065673   19
33   08946798   20
33   06116820   21
33   06078027   22
33   01479813   23
33   06114987   24
33   06065638   25
33   00067777   26
33   06065625   27
33   00113883   28
33   08967206   29
33   00007283   30
33   00000074   31
33   06076502   32
33   06065629   33
33   08971101   34
33   00800494   35
33   08973236   36
33   00076886   37
33   06065671   38
33   06065633   39
33   06065675   40
33   06065631   41
33   05959827   42
33   01485642   43
33   08969109   44
33   08964945   45
33   06065676   46
33   08946785   47
33   01485611   48
33   06065640   49
33   01485603   50
33   01485598   51
33   08972789   52
33   08966755   53
33   06065680   54
33   08946791   55
33   01485600   56
33   06065643   57
33   01485609   58
33   01485606   59
33   08972787   60
33   08966756   61
33   06065636   62
33   08965752   63
33   08946782   64
33   01485604   65
33   05954941   66
33   08973275   67
33   01462987   68
33   00067826   69
33   01474752   70
33   01485597   71
33   01485601   72
33   08972804   73
33   01485607   74
33   08972838   75
33   08972803   76
33   08966011   77
33   01485591   78
33   08970517   79
33   08964626   80
33   08962895   81
33   08968923   82
33   08972797   83
33   08972627   84
33   08946792   85
33   08966140   86
33   01518708   87
33   08973276   88
33   08973274   89
33   08969112   90
33   08972796   91
33   00148854   92
33   08973281   93
33   08969113   94
33   01485592   95
33   00677694   96
33   08946787   97
33   08972795   98
33   08973278   99
33   08968926   100
34   05821559   1
34   00061906   2
34   05821578   3
34   05821576   4
34   05821586   5
34   05821580   6
34   05821575   7
34   05821699   8
34   05821697   9
34   05821567   10
34   05821569   11
34   01070584   12
34   01261094   13
34   05821526   14
34   05821597   15
34   01173582   16
34   05821585   17
34   00596439   18
34   00119421   19
34   05821701   20
34   05821570   21
34   00151068   22
34   01054842   23
34   05821564   24
34   08970452   25
34   01054044   26
34   05821590   27
34   01195707   28
34   00712670   29
34   00651731   30
34   00697302   31
34   06264555   32
34   01261095   33
34   05821581   34
34   08970457   35
34   00651019   36
34   05821698   37
34   01252428   38
34   00709508   39
34   00708902   40
34   01080034   41
34   01097090   42
34   00882007   43
34   00128906   44
34   08969004   45
34   01043570   46
34   08971089   47
34   00688487   48
34   00708008   49
34   00754421   50
34   01079981   51
34   01097091   52
34   00979534   53
34   08969907   54
34   00910226   55
34   00796954   56
34   00688761   57
34   01079982   58
34   00754423   59
34   00888626   60
34   01151710   61
34   00630531   62
34   08970448   63
34   01003356   64
34   08969694   65
34   01054860   66
34   01079983   67
34   00638500   68
34   01019737   69
34   00064460   70
34   00604199   71
34   01169448   72
34   00064464   73
34   00594333   74
34   00655934   75
34   00633429   76
34   00769487   77
34   01048033   78
34   01112445   79
34   00632752   80
34   00655936   81
34   00769486   82
34   00729581   83
34   01054872   84
34   00731274   85
34   00816078   86
34   01164347   87
34   01099487   88
34   01164122   89
34   00752042   90
34   00832679   91
34   00638189   92
34   00834178   93
34   00662856   94
34   00642668   95
34   00765328   96
34   00625961   97
34   00607059   98
34   00945014   99
34   01067070   100
35   08968927   1
35   00656240   2
35   00774625   3
35   08967492   4
35   00117344   5
35   00656360   6
35   05967338   7
35   01420218   8
35   00774627   9
35   00656233   10
35   08969891   11
35   00656234   12
35   05966213   13
35   08963251   14
35   01231063   15
35   05967239   16
35   05967256   17
35   05967243   18
35   00106183   19
35   05828416   20
35   05966216   21
35   08969451   22
35   05966208   23
35   08965719   24
35   01420168   25
35   05966550   26
35   08945891   27
35   05967241   28
35   05967340   29
35   00140403   30
35   05967254   31
35   08966845   32
35   00079463   33
35   08966431   34
35   05967329   35
35   05828408   36
35   05828415   37
35   00008249   38
35   00079654   39
35   05966207   40
35   05966549   41
35   00061049   42
35   05828399   43
35   05828410   44
35   08970227   45
35   05967326   46
35   00127507   47
35   00080234   48
35   05828421   49
35   05967319   50
35   08946907   51
35   05828477   52
35   08968995   53
35   05966211   54
35   00947564   55
35   05828472   56
35   08945875   57
35   05967327   58
35   08965954   59
35   05828401   60
35   00061045   61
35   05967252   62
35   00067803   63
35   00080276   64
35   05828395   65
35   05967240   66
35   08966967   67
35   00008434   68
35   00150341   69
35   00075074   70
35   05828407   71
35   05828474   72
35   05967244   73
35   08969000   74
35   01293583   75
35   05828406   76
35   08968975   77
35   05967332   78
35   08965825   79
35   00140406   80
35   00008432   81
35   08972386   82
35   08946345   83
35   00947565   84
35   08965958   85
35   00001287   86
35   00059577   87
35   00001371   88
35   01448377   89
35   00001372   90
35   08964789   91
35   08965500   92
35   00106091   93
35   00063994   94
35   08945883   95
35   08966393   96
35   00106092   97
35   00061243   98
35   08967345   99
35   08945886   100
36   00799718   1
36   01217088   2
36   00799731   3
36   00799702   4
36   00777281   5
36   00793712   6
36   00793146   7
36   00802492   8
36   00799700   9
36   00802496   10
36   00601414   11
36   06079834   12
36   00799712   13
36   00793148   14
36   00772527   15
36   00791245   16
36   00635506   17
36   00802493   18
36   06265413   19
36   00802491   20
36   00797707   21
36   08947042   22
36   00802471   23
36   00702983   24
36   06079832   25
36   06079835   26
36   00800097   27
36   00726520   28
36   06265418   29
36   01480342   30
36   00792682   31
36   00750122   32
36   08945723   33
36   00701563   34
36   06079833   35
36   06079824   36
36   06079829   37
36   00727462   38
36   00792683   39
36   00782396   40
36   00769655   41
36   00150354   42
36   00701592   43
36   08962843   44
36   06079828   45
36   06079827   46
36   00789850   47
36   00769654   48
36   00792930   49
36   00799210   50
36   00792669   51
36   00701559   52
36   00793001   53
36   00629199   54
36   06168678   55
36   06079823   56
36   00792433   57
36   00681758   58
36   00798925   59
36   00701639   60
36   00778862   61
36   00066450   62
36   00635529   63
36   06168683   64
36   00685749   65
36   00778863   66
36   00701523   67
36   00759860   68
36   00774644   69
36   06168716   70
36   00768841   71
36   06079836   72
36   00068324   73
36   00792164   74
36   00777022   75
36   06079837   76
36   00083805   77
36   00150364   78
36   00772532   79
36   06079821   80
36   00110352   81
36   06168700   82
36   00792430   83
36   00629200   84
36   00110362   85
36   00799724   86
36   00768673   87
36   00663596   88
36   00797704   89
36   06168714   90
36   00790670   91
36   00799726   92
36   06168803   93
36   00635528   94
36   06168727   95
36   00635525   96
36   00797705   97
36   00629198   98
36   00792169   99
36   00109559   100
37   00616118   1
37   00615929   2
37   00616116   3
37   01080448   4
37   00615526   5
37   00615935   6
37   00615927   7
37   01061501   8
37   00616132   9
37   01427092   10
37   06237553   11
37   00616097   12
37   00615525   13
37   00616115   14
37   01055197   15
37   00689770   16
37   00616095   17
37   01188306   18
37   00616117   19
37   05968010   20
37   01177026   21
37   00815311   22
37   01425717   23
37   01347955   24
37   01208643   25
37   00766770   26
37   01213961   27
37   00615545   28
37   00616123   29
37   01427304   30
37   05968005   31
37   01177033   32
37   01177069   33
37   00616099   34
37   01177032   35
37   01224917   36
37   00682585   37
37   00615532   38
37   05968008   39
37   00009824   40
37   00616337   41
37   08966369   42
37   01204024   43
37   00833022   44
37   00615515   45
37   01061251   46
37   00615938   47
37   00616338   48
37   01209141   49
37   01061248   50
37   00698900   51
37   01427306   52
37   01041593   53
37   00615704   54
37   01176965   55
37   00000779   56
37   00674012   57
37   00616093   58
37   00006533   59
37   01347938   60
37   01170802   61
37   08966370   62
37   01427089   63
37   01176968   64
37   00610727   65
37   00137352   66
37   08964928   67
37   01334552   68
37   01236853   69
37   08970559   70
37   00008739   71
37   00111787   72
37   00101843   73
37   08969003   74
37   01334551   75
37   00009265   76
37   08974717   77
37   01425718   78
37   00101185   79
37   08969046   80
37   01262006   81
37   00062445   82
37   08971210   83
37   00615517   84
37   00706761   85
37   08966776   86
37   00076020   87
37   08974715   88
37   08964779   89
37   08965790   90
37   00611548   91
37   08966352   92
37   00006532   93
37   08947028   94
37   08965062   95
37   00014737   96
37   08973700   97
37   00816623   98
37   01208661   99
37   00006613   100
38   00985937   1
38   01285960   2
38   01309192   3
38   05825845   4
38   01313773   5
38   01309193   6
38   00985939   7
38   01309197   8
38   01488810   9
38   01313274   10
38   01313763   11
38   01313761   12
38   00985949   13
38   05826049   14
38   01313780   15
38   01309807   16
38   05824850   17
38   05825789   18
38   01309196   19
38   05825975   20
38   01313781   21
38   01313270   22
38   00985938   23
38   05839356   24
38   00985868   25
38   01313757   26
38   01313771   27
38   01284396   28
38   01141979   29
38   01313775   30
38   01313276   31
38   00985930   32
38   05839402   33
38   05824900   34
38   01313783   35
38   01313782   36
38   01285965   37
38   01141981   38
38   01313774   39
38   01313772   40
38   01313764   41
38   05839355   42
38   01313770   43
38   05826621   44
38   05824909   45
38   00985932   46
38   05825839   47
38   05824890   48
38   05826055   49
38   01143572   50
38   01313779   51
38   05839400   52
38   01313769   53
38   00810858   54
38   05825851   55
38   01313776   56
38   01173570   57
38   01173575   58
38   01313267   59
38   05839401   60
38   01143553   61
38   01313762   62
38   05825852   63
38   06290189   64
38   00956610   65
38   00956613   66
38   05825790   67
38   01030062   68
38   05826050   69
38   01313768   70
38   05825838   71
38   05826642   72
38   00985951   73
38   05825843   74
38   05826045   75
38   01313352   76
38   05825841   77
38   05825984   78
38   05825844   79
38   05826653   80
38   01313778   81
38   00956625   82
38   01173567   83
38   05826643   84
38   00956611   85
38   05825800   86
38   01141972   87
38   05825837   88
38   00758087   89
38   01141977   90
38   05839405   91
38   05825988   92
38   00956632   93
38   01173589   94
38   05826019   95
38   00956630   96
38   05839403   97
38   01173578   98
38   01141975   99
38   01141968   100
39   00868643   1
39   01304209   2
39   00863992   3
39   00947286   4
39   00895811   5
39   00799489   6
39   01009888   7
39   01082909   8
39   00907279   9
39   01304454   10
39   00735933   11
39   01407005   12
39   00702153   13
39   01301708   14
39   00793133   15
39   00864506   16
39   01304447   17
39   01185424   18
39   01007514   19
39   01393366   20
39   00907284   21
39   01346799   22
39   01477795   23
39   01322956   24
39   00945213   25
39   01082612   26
39   01185203   27
39   01439434   28
39   01306206   29
39   01360193   30
39   01370309   31
39   01346798   32
39   00793149   33
39   01307109   34
39   00940824   35
39   01308093   36
39   01302179   37
39   01064642   38
39   01327284   39
39   01082908   40
39   01084463   41
39   01445070   42
39   01301677   43
39   01308053   44
39   01082919   45
39   01007513   46
39   01306207   47
39   01399222   48
39   01304233   49
39   01304440   50
39   00683268   51
39   01445076   52
39   00696142   53
39   01346796   54
39   01306695   55
39   00716200   56
39   00618953   57
39   01034335   58
39   01315928   59
39   01393367   60
39   01306676   61
39   01304043   62
39   01346333   63
39   01327288   64
39   01306693   65
39   00602795   66
39   01035100   67
39   01315930   68
39   01301675   69
39   01307110   70
39   01316870   71
39   01505614   72
39   01279236   73
39   00606338   74
39   01179202   75
39   01084470   76
39   01188444   77
39   01445068   78
39   01315924   79
39   01315859   80
39   01375144   81
39   01443627   82
39   01444292   83
39   01306701   84
39   01308763   85
39   01327477   86
39   01402447   87
39   00734646   88
39   01382617   89
39   01035545   90
39   01316868   91
39   01315965   92
39   01477428   93
39   01395335   94
39   01478263   95
39   01475859   96
39   01371535   97
39   06295565   98
39   01304045   99
39   01477429   100
40   08966626   1
40   08966595   2
40   08966608   3
40   08965094   4
40   08965092   5
40   08966151   6
40   08965656   7
40   08969247   8
40   08965608   9
40   08966533   10
40   08968109   11
40   08968138   12
40   08968076   13
40   08968207   14
40   08966041   15
40   08967631   16
40   08967699   17
40   08968130   18
40   08967441   19
40   08966603   20
40   08968209   21
40   08966152   22
40   08968092   23
40   08968211   24
40   08968088   25
40   08966586   26
40   08969298   27
40   08966131   28
40   08969811   29
40   08967587   30
40   08965224   31
40   08969290   32
40   08968208   33
40   08969238   34
40   08969301   35
40   08966717   36
40   08966619   37
40   08965089   38
40   08969287   39
40   08966607   40
40   08969229   41
40   08969264   42
40   08967663   43
40   08969210   44
40   08969243   45
40   08966605   46
40   08966971   47
40   08970964   48
40   08965813   49
40   08970972   50
40   08969266   51
40   08968108   52
40   08965313   53
40   08970386   54
40   08967443   55
40   08966560   56
40   08969188   57
40   08969193   58
40   08968115   59
40   08969260   60
40   08969190   61
40   08966622   62
40   08966577   63
40   08945847   64
40   08970360   65
40   08969240   66
40   08965709   67
40   08969208   68
40   08970939   69
40   08970377   70
40   08965222   71
40   08970930   72
40   08970969   73
40   08968084   74
40   08969079   75
40   08969194   76
40   08967502   77
40   08965083   78
40   08970961   79
40   08964773   80
40   08970967   81
40   08965574   82
40   08969202   83
40   08965086   84
40   08970970   85
40   08969262   86
40   08969232   87
40   08970966   88
40   08966583   89
40   08969259   90
40   08969214   91
40   08968113   92
40   08965085   93
40   08964743   94
40   08969786   95
40   08969204   96
40   08970942   97
40   08968210   98
40   08966588   99
40   08970951   100
41   00634515   1
41   00781507   2
41   00948438   3
41   00762178   4
41   00634550   5
41   00948424   6
41   01182871   7
41   00948443   8
41   01182872   9
41   00755364   10
41   00615306   11
41   00781503   12
41   00948431   13
41   00762179   14
41   01116787   15
41   01116840   16
41   01182869   17
41   01116791   18
41   01182870   19
41   00755360   20
41   00948423   21
41   01461727   22
41   01147525   23
41   00755056   24
41   00781542   25
41   00755386   26
41   01461742   27
41   00948441   28
41   01461724   29
41   01116789   30
41   01116819   31
41   00755875   32
41   00755057   33
41   01116788   34
41   01116792   35
41   01182862   36
41   01116841   37
41   01461739   38
41   00781501   39
41   00755054   40
41   01360061   41
41   00762176   42
41   06221144   43
41   01461744   44
41   06271303   45
41   01461733   46
41   01461728   47
41   01182868   48
41   01116833   49
41   00759121   50
41   00755341   51
41   06220956   52
41   01461579   53
41   01127457   54
41   00948433   55
41   00755053   56
41   01147518   57
41   00759153   58
41   01040308   59
41   06221148   60
41   01461621   61
41   00755323   62
41   01182866   63
41   01360756   64
41   01147508   65
41   06220980   66
41   01089343   67
41   01424474   68
41   01182863   69
41   01182864   70
41   01040306   71
41   00948428   72
41   06221143   73
41   01424534   74
41   01147522   75
41   01182865   76
41   00755046   77
41   00634512   78
41   06220950   79
41   00755049   80
41   01182867   81
41   00755043   82
41   00755381   83
41   01040307   84
41   01147528   85
41   00634719   86
41   00755055   87
41   00755048   88
41   00755052   89
41   01116827   90
41   01179928   91
41   01470089   92
41   01116831   93
41   01360757   94
41   00634720   95
41   06220982   96
41   06220959   97
41   01116828   98
41   00755058   99
41   00755047   100
42   00655277   1
42   00630406   2
42   00673868   3
42   00630372   4
42   00715325   5
42   00731453   6
42   00730181   7
42   00630373   8
42   00684039   9
42   00630418   10
42   00624187   11
42   00630514   12
42   00694852   13
42   00630377   14
42   00630369   15
42   00617223   16
42   00660400   17
42   00149595   18
42   00684749   19
42   00654779   20
42   00630452   21
42   00628883   22
42   00660486   23
42   00660643   24
42   00629548   25
42   00611576   26
42   01008075   27
42   00638221   28
42   00631850   29
42   00654964   30
42   00731450   31
42   00660489   32
42   00112554   33
42   00114402   34
42   00712560   35
42   00660399   36
42   00745051   37
42   00714447   38
42   00701586   39
42   00646987   40
42   00663611   41
42   00646986   42
42   00684223   43
42   00644825   44
42   00715070   45
42   00630419   46
42   00744743   47
42   00683301   48
42   00614167   49
42   00604973   50
42   00626777   51
42   00595195   52
42   00637207   53
42   00660401   54
42   00673835   55
42   00684162   56
42   00617624   57
42   00638014   58
42   00799789   59
42   00623328   60
42   00124096   61
42   00124116   62
42   00149603   63
42   00742481   64
42   00106868   65
42   00617289   66
42   00654916   67
42   00602218   68
42   00063985   69
42   00827255   70
42   00600666   71
42   00131862   72
42   00654914   73
42   00630368   74
42   00124094   75
42   00080974   76
42   00660403   77
42   00697533   78
42   00697535   79
42   00730189   80
42   00713540   81
42   00698686   82
42   00655386   83
42   00604641   84
42   00743770   85
42   00080998   86
42   00078776   87
42   00660402   88
42   00074415   89
42   00744745   90
42   00897384   91
42   00744744   92
42   00075449   93
42   00080961   94
42   00742483   95
42   00655411   96
42   00729663   97
42   00600609   98
42   00596872   99
42   00684161   100
43   01471388   1
43   00009228   2
43   06197592   3
43   06197575   4
43   01035680   5
43   00762685   6
43   06121211   7
43   01471416   8
43   00598370   9
43   06175135   10
43   01400766   11
43   01471380   12
43   06121199   13
43   01471383   14
43   01471418   15
43   06287392   16
43   06175116   17
43   06018322   18
43   01471376   19
43   01493186   20
43   06284170   21
43   06018443   22
43   00117597   23
43   00615154   24
43   00592258   25
43   06287386   26
43   01471409   27
43   01049918   28
43   00963351   29
43   01493656   30
43   00068296   31
43   01049913   32
43   00117604   33
43   06121300   34
43   00009227   35
43   06121204   36
43   01471426   37
43   01415884   38
43   00963563   39
43   06024799   40
43   00117209   41
43   00634804   42
43   00599484   43
43   01471390   44
43   06024789   45
43   00963356   46
43   01415889   47
43   00009250   48
43   01471415   49
43   01400200   50
43   06284171   51
43   01206705   52
43   01471379   53
43   01493658   54
43   01049916   55
43   01096682   56
43   00597283   57
43   01043982   58
43   01400519   59
43   01400537   60
43   06024808   61
43   06121155   62
43   06287596   63
43   05846276   64
43   00106136   65
43   00007343   66
43   01400534   67
43   01043957   68
43   00599448   69
43   06121332   70
43   06121135   71
43   00082333   72
43   00597905   73
43   00014386   74
43   00014400   75
43   01415907   76
43   06121259   77
43   06121263   78
43   01049917   79
43   00105024   80
43   06201709   81
43   00014501   82
43   01026503   83
43   01471374   84
43   00963355   85
43   00963571   86
43   00596615   87
43   01207643   88
43   01096680   89
43   00008264   90
43   05846281   91
43   05846280   92
43   01043976   93
43   01043979   94
43   01043978   95
43   01086855   96
43   05846279   97
43   00077786   98
43   00597291   99
43   00012566   100
44   00702021   1
44   00761338   2
44   00761333   3
44   00764732   4
44   00702482   5
44   00702481   6
44   00764705   7
44   00761335   8
44   00702023   9
44   00761381   10
44   01343245   11
44   00764718   12
44   00761386   13
44   00761340   14
44   00702020   15
44   00761344   16
44   00761392   17
44   00761342   18
44   01295676   19
44   00764721   20
44   00946584   21
44   00702485   22
44   00764719   23
44   00764937   24
44   00764731   25
44   00764723   26
44   00760498   27
44   00702487   28
44   01295802   29
44   01479115   30
44   00761383   31
44   00761361   32
44   00667088   33
44   00761387   34
44   00764722   35
44   00665786   36
44   00702019   37
44   06070225   38
44   01295673   39
44   00761332   40
44   00761347   41
44   06069786   42
44   00761346   43
44   00764725   44
44   00925855   45
44   00760499   46
44   06069774   47
44   06069861   48
44   00764706   49
44   00734522   50
44   00702480   51
44   00760006   52
44   06069796   53
44   01479118   54
44   01479134   55
44   00946593   56
44   00760496   57
44   01477341   58
44   00760512   59
44   00667087   60
44   01479127   61
44   00843978   62
44   00767714   63
44   01479123   64
44   06070232   65
44   00946625   66
44   00760510   67
44   06069793   68
44   01479122   69
44   06069780   70
44   00767728   71
44   01477344   72
44   06070231   73
44   01479121   74
44   00734520   75
44   00767691   76
44   01477348   77
44   06069837   78
44   08972108   79
44   06069834   80
44   00946626   81
44   01479113   82
44   00767717   83
44   01343250   84
44   00767705   85
44   01479132   86
44   08971895   87
44   01479109   88
44   01477339   89
44   01300252   90
44   00667090   91
44   00946610   92
44   00667089   93
44   01477342   94
44   00667092   95
44   06070227   96
44   06069863   97
44   06069775   98
44   00946590   99
44   00946624   100
45   01265645   1
45   01265485   2
45   01182469   3
45   01265560   4
45   01129414   5
45   01082997   6
45   01129420   7
45   01226144   8
45   01265484   9
45   00886338   10
45   01265650   11
45   05858890   12
45   01356874   13
45   08966829   14
45   01125765   15
45   01083099   16
45   01265692   17
45   01088827   18
45   00932964   19
45   01434806   20
45   01182471   21
45   05858784   22
45   01458025   23
45   01132856   24
45   01061524   25
45   01276377   26
45   05858868   27
45   01182468   28
45   00932970   29
45   00121097   30
45   01182475   31
45   01266775   32
45   00932975   33
45   00009594   34
45   00009799   35
45   01147734   36
45   01061674   37
45   01182466   38
45   00939317   39
45   00932983   40
45   00084277   41
45   01265730   42
45   00932974   43
45   01192213   44
45   01061668   45
45   05858861   46
45   01083155   47
45   01356870   48
45   01048628   49
45   00084284   50
45   01132862   51
45   00136846   52
45   00148624   53
45   00009593   54
45   06235758   55
45   01266776   56
45   05858779   57
45   00939471   58
45   01396537   59
45   01352381   60
45   01453711   61
45   00644658   62
45   01265762   63
45   00136856   64
45   00140168   65
45   01164754   66
45   01164783   67
45   00624751   68
45   01265497   69
45   01458023   70
45   00143060   71
45   00633491   72
45   00939484   73
45   01265763   74
45   00104945   75
45   01265677   76
45   05858790   77
45   01458024   78
45   01265655   79
45   01265768   80
45   00939472   81
45   00644649   82
45   00098070   83
45   00777383   84
45   08966827   85
45   00007568   86
45   01025306   87
45   01265542   88
45   01453702   89
45   00781804   90
45   00008810   91
45   00147887   92
45   01265786   93
45   00864923   94
45   01453704   95
45   00073211   96
45   01055157   97
45   00644659   98
45   01265669   99
45   01055156   100
46   00080887   1
46   00140903   2
46   05826381   3
46   00103167   4
46   00119226   5
46   00660975   6
46   00144035   7
46   05823774   8
46   05823384   9
46   00139764   10
46   00134806   11
46   01248309   12
46   05823782   13
46   00142018   14
46   00131580   15
46   00105537   16
46   00071111   17
46   05826380   18
46   05826311   19
46   00107883   20
46   00109247   21
46   06047087   22
46   00093096   23
46   00116556   24
46   01178890   25
46   00067047   26
46   00144514   27
46   00106485   28
46   00098783   29
46   00106529   30
46   00073490   31
46   00116563   32
46   00112685   33
46   01346780   34
46   00012599   35
46   00067069   36
46   00068940   37
46   00106114   38
46   00072830   39
46   00108175   40
46   00139919   41
46   01248308   42
46   01178891   43
46   01265336   44
46   08973767   45
46   00099694   46
46   01125643   47
46   00062881   48
46   00108177   49
46   01266154   50
46   06047088   51
46   01268778   52
46   00073485   53
46   01248305   54
46   00131083   55
46   01141038   56
46   00073483   57
46   00655247   58
46   00130571   59
46   00007376   60
46   08969196   61
46   01309023   62
46   00132067   63
46   01141039   64
46   00067357   65
46   01346791   66
46   00655248   67
46   00001173   68
46   01346781   69
46   01248307   70
46   06182903   71
46   00067446   72
46   01346789   73
46   00655249   74
46   00064290   75
46   01125638   76
46   01248302   77
46   00010732   78
46   01346790   79
46   01393719   80
46   00066329   81
46   01268777   82
46   00063763   83
46   01346788   84
46   00087713   85
46   00066340   86
46   00129429   87
46   01302272   88
46   00111781   89
46   00010712   90
46   00134376   91
46   00007378   92
46   01092319   93
46   00655252   94
46   01393717   95
46   01346778   96
46   01430509   97
46   01433196   98
46   00086554   99
46   06182905   100
47   01387056   1
47   06145529   2
47   06237055   3
47   06145539   4
47   06192502   5
47   01516226   6
47   00888797   7
47   06236797   8
47   01469947   9
47   06145381   10
47   01051133   11
47   06145839   12
47   06145835   13
47   06236777   14
47   06192619   15
47   06104494   16
47   06145851   17
47   06236924   18
47   01427567   19
47   00869328   20
47   01454404   21
47   00623390   22
47   01127229   23
47   00978064   24
47   06192467   25
47   06104401   26
47   01392439   27
47   00623395   28
47   00983278   29
47   00983271   30
47   00974086   31
47   01441537   32
47   01392440   33
47   06192501   34
47   06105341   35
47   01387079   36
47   01012635   37
47   00722500   38
47   00962484   39
47   01387027   40
47   00869324   41
47   06003793   42
47   06237052   43
47   01441509   44
47   05998120   45
47   00733284   46
47   00797051   47
47   00965904   48
47   01421917   49
47   01371102   50
47   06236681   51
47   01023583   52
47   01516224   53
47   00127961   54
47   01310703   55
47   01421916   56
47   00868645   57
47   05999379   58
47   06104510   59
47   01033960   60
47   06003767   61
47   00980084   62
47   05998112   63
47   01033979   64
47   01400880   65
47   06105253   66
47   05998125   67
47   01282637   68
47   00124004   69
47   01031551   70
47   01033957   71
47   00869327   72
47   01012637   73
47   06024004   74
47   00720910   75
47   01087525   76
47   00979360   77
47   01466916   78
47   00139813   79
47   01357876   80
47   00986925   81
47   00832079   82
47   05966659   83
47   00740489   84
47   00720992   85
47   01023588   86
47   00983268   87
47   06003799   88
47   00982786   89
47   00721004   90
47   00132106   91
47   00122576   92
47   00720994   93
47   01354371   94
47   00872504   95
47   01278939   96
47   06024502   97
47   06024498   98
47   06003764   99
47   01433860   100
48   08965187   1
48   08967111   2
48   08965657   3
48   08965634   4
48   08965588   5
48   08946397   6
48   08970480   7
48   08946399   8
48   08967528   9
48   08946899   10
48   08965652   11
48   08967086   12
48   08965656   13
48   08967665   14
48   08968059   15
48   08965125   16
48   08965654   17
48   08971224   18
48   08970981   19
48   08965090   20
48   08967672   21
48   08967062   22
48   08966158   23
48   08965947   24
48   08966129   25
48   08965164   26
48   08967103   27
48   08966539   28
48   08967582   29
48   08965114   30
48   08966064   31
48   08967714   32
48   08965176   33
48   08967670   34
48   08946522   35
48   08965690   36
48   08966063   37
48   08966537   38
48   08967113   39
48   08965185   40
48   08967065   41
48   08967066   42
48   08965140   43
48   08966542   44
48   08965202   45
48   08965200   46
48   08966083   47
48   08965606   48
48   08966187   49
48   08965186   50
48   08967076   51
48   08967068   52
48   08965168   53
48   08965644   54
48   08965151   55
48   08965117   56
48   08965137   57
48   08965106   58
48   08965107   59
48   08967118   60
48   08967078   61
48   08965167   62
48   08965145   63
48   08965192   64
48   08965123   65
48   08965127   66
48   08965109   67
48   08965105   68
48   08969325   69
48   08966536   70
48   08965110   71
48   08965157   72
48   08966134   73
48   08966169   74
48   08965120   75
48   08965230   76
48   08966130   77
48   08966540   78
48   08965155   79
48   08965215   80
48   08966547   81
48   08966534   82
48   08966185   83
48   08966137   84
48   08965550   85
48   08947058   86
48   08965133   87
48   08965112   88
48   08964593   89
48   08945556   90
48   08965144   91
48   08965111   92
48   08946106   93
48   08965195   94
48   08965178   95
48   08965135   96
48   08966142   97
48   08966168   98
48   08966545   99
48   08966135   100
49   01506848   1
49   01508805   2
49   01506853   3
49   00583638   4
49   01476042   5
49   06271385   6
49   01476033   7
49   01505542   8
49   01478782   9
49   01506854   10
49   00583630   11
49   00787889   12
49   01476034   13
49   01475218   14
49   01475932   15
49   06271290   16
49   00590176   17
49   01478777   18
49   06271365   19
49   01506855   20
49   00585514   21
49   01474998   22
49   00585519   23
49   00151221   24
49   01474487   25
49   00150538   26
49   00583644   27
49   00590119   28
49   06271379   29
49   01505545   30
49   00587551   31
49   01474683   32
49   00590126   33
49   06200813   34
49   01474489   35
49   06271289   36
49   00587549   37
49   06271483   38
49   01475219   39
49   00591314   40
49   01474963   41
49   00590134   42
49   05993171   43
49   01474492   44
49   06271279   45
49   00786937   46
49   06273333   47
49   01475220   48
49   00590129   49
49   00077391   50
49   00591368   51
49   00065221   52
49   01474488   53
49   01385108   54
49   00102885   55
49   06271293   56
49   01508804   57
49   00786949   58
49   00151384   59
49   01385101   60
49   00812652   61
49   01475029   62
49   00098707   63
49   01264178   64
49   00590706   65
49   06271282   66
49   01475121   67
49   00786930   68
49   00655107   69
49   00084363   70
49   01264177   71
49   06271277   72
49   06278408   73
49   00151224   74
49   01475214   75
49   00151225   76
49   05993170   77
49   00653836   78
49   06271641   79
49   06271296   80
49   00000698   81
49   00151230   82
49   00059708   83
49   00590179   84
49   06278660   85
49   00151364   86
49   00151219   87
49   00151689   88
49   00660313   89
49   00076910   90
49   00059705   91
49   00779296   92
49   00075317   93
49   00151019   94
49   00151366   95
49   00151363   96
49   00674894   97
49   01264176   98
49   01274942   99
49   00083119   100
50   01316778   1
50   01316804   2
50   01386234   3
50   01358106   4
50   01358110   5
50   01386237   6
50   01498953   7
50   01385988   8
50   01383765   9
50   01383683   10
50   06164338   11
50   06164342   12
50   06192288   13
50   01383687   14
50   01421992   15
50   01389893   16
50   00110795   17
50   01387080   18
50   01450623   19
50   06162321   20
50   06164341   21
50   00695468   22
50   00141122   23
50   01362404   24
50   06192257   25
50   01350189   26
50   00932956   27
50   06171197   28
50   00932964   29
50   06171009   30
50   01450621   31
50   00121994   32
50   00946134   33
50   00932975   34
50   01078926   35
50   00932962   36
50   00099073   37
50   06171047   38
50   00821241   39
50   00101327   40
50   00104887   41
50   00728052   42
50   00009608   43
50   01433965   44
50   00932983   45
50   00074823   46
50   00140173   47
50   01433936   48
50   00932970   49
50   00113981   50
50   00749180   51
50   06171023   52
50   01386980   53
50   01386946   54
50   00140167   55
50   01368920   56
50   01472082   57
50   00932963   58
50   06170738   59
50   01492061   60
50   00076041   61
50   01433967   62
50   01433933   63
50   00779937   64
50   01433901   65
50   01492327   66
50   00141114   67
50   06097512   68
50   06097518   69
50   00121992   70
50   00119425   71
50   06253889   72
50   00092078   73
50   00084623   74
50   06253866   75
50   00009611   76
50   06097515   77
50   00011475   78
50   06253394   79
50   01358114   80
50   00009628   81
50   06253918   82
50   00104891   83
50   06170749   84
50   00084167   85
50   00062733   86
50   01146808   87
50   01498910   88
50   00695465   89
50   00061629   90
50   00139786   91
50   00061739   92
50   00121996   93
50   00119416   94
50   00101348   95
50   05928543   96
50   00010630   97
50   00062732   98
50   01020477   99
50   00062755   100