1   05980958   1
1   01249833   2
1   01180202   3
1   01283003   4
1   01314072   5
1   05980963   6
1   06040475   7
1   01315461   8
1   06229336   9
1   01249873   10
1   01180204   11
1   01283005   12
1   05983576   13
1   06135804   14
1   01315293   15
1   06229338   16
1   00938251   17
1   01180205   18
1   01283007   19
1   05983578   20
1   06189758   21
1   01315295   22
1   06229345   23
1   00938252   24
1   06004006   25
1   01283009   26
1   05983579   27
1   06189759   28
1   01315299   29
1   06229317   30
1   00938264   31
1   06004202   32
1   01283008   33
1   05983582   34
1   06189760   35
1   01315341   36
1   06229318   37
1   00938266   38
1   06004211   39
1   05960161   40
1   05983583   41
1   01315343   42
1   00938270   43
1   06004213   44
1   05983585   45
1   06004214   46
1   05983587   47
1   06004277   48
1   05983590   49
1   06004279   50
1   00757402   51
1   01171063   52
1   01171264   53
1   01171267   54
1   01441472   55
1   01441474   56
2   00613516   1
2   00873743   2
2   00874110   3
2   06263149   4
2   00874111   5
2   00603460   6
2   01030882   7
2   01181554   8
2   01210915   9
2   00613518   10
2   00873667   11
2   06263153   12
2   00597319   13
2   00603420   14
2   01030883   15
2   01181555   16
2   01210916   17
2   00613520   18
2   00873703   19
2   06263151   20
2   00597326   21
2   00603423   22
2   01030884   23
2   01181563   24
2   01210917   25
2   00613527   26
2   00873723   27
2   00613523   28
2   00603425   29
2   01030889   30
2   00613528   31
2   00873710   32
2   00603426   33
2   00699161   34
2   00613530   35
2   00603446   36
2   01030880   37
2   00607619   38
2   00603430   39
2   01030881   40
2   00603439   41
2   00699164   42
2   00603469   43
3   01208441   1
3   06098900   2
3   05913677   3
3   06101664   4
3   08946787   5
3   00114364   6
3   01396203   7
3   01013803   8
3   06121121   9
3   00100964   10
3   01216151   11
3   06098902   12
3   06101669   13
3   00105635   14
3   00111956   15
3   01396205   16
3   01013805   17
3   01216153   18
3   06098904   19
3   06101672   20
3   00111957   21
3   01396210   22
3   01013955   23
3   06098906   24
3   06101674   25
3   00114363   26
3   06098908   27
3   06189764   28
3   00114432   29
3   06098910   30
3   00115691   31
3   06098912   32
3   00115694   33
3   06278933   34
3   00620089   35
3   06278935   36
3   06278939   37
3   06278943   38
3   06278957   39
4   08971470   1
4   06022669   2
4   08964792   3
4   05853941   4
4   00708572   5
4   06098900   6
4   05981032   7
4   06177984   8
4   06033281   9
4   05913677   10
4   06187501   11
4   06278933   12
4   08971473   13
4   06022671   14
4   08965851   15
4   05853968   16
4   00708574   17
4   06098902   18
4   05981036   19
4   06273466   20
4   06033326   21
4   06263198   22
4   06187512   23
4   06278935   24
4   08971474   25
4   06022673   26
4   08963263   27
4   05853971   28
4   00709069   29
4   06098904   30
4   05981303   31
4   06273467   32
4   06033387   33
4   06187538   34
4   06278939   35
4   08971475   36
4   06022674   37
4   08965804   38
4   05853975   39
4   01156206   40
4   06098906   41
4   05981335   42
4   06273469   43
4   06033393   44
4   06187868   45
4   06278943   46
4   08971476   47
4   06022675   48
4   08967331   49
4   05853983   50
4   01156208   51
4   06098908   52
4   06273471   53
4   06147048   54
4   06187877   55
4   06278957   56
4   08971477   57
4   06022676   58
4   08967894   59
4   05853985   60
4   01206986   61
4   06098910   62
4   06273473   63
4   06147054   64
4   06022677   65
4   08967895   66
4   05986429   67
4   01206987   68
4   06098912   69
4   06273474   70
4   06147058   71
4   06022679   72
4   08969459   73
4   01206988   74
4   06273475   75
4   06147070   76
4   06022680   77
4   08969470   78
4   01206992   79
4   06273477   80
4   06147074   81
4   06022681   82
4   08969527   83
4   01248405   84
4   06273510   85
4   06147075   86
4   06022683   87
4   01248407   88
4   06273518   89
4   06147078   90
4   06022684   91
4   01252355   92
4   06273538   93
4   06022894   94
5   01248405   1
5   08965736   2
5   01256379   3
5   01225461   4
5   06273296   5
5   00692986   6
5   01256429   7
5   00140212   8
5   01255513   9
5   00070937   10
5   01225491   11
5   01248407   12
5   08972379   13
5   01256380   14
5   01225468   15
5   06273298   16
5   00701403   17
5   06273300   18
5   01256452   19
5   01252355   20
5   01225441   21
5   06273299   22
5   00701404   23
5   01279060   24
5   01225490   25
5   00701423   26
5   01225458   27
5   00701425   28
5   01225459   29
5   01015878   30
5   01225460   31
5   01016516   32
5   00715668   33
5   01016517   34
5   00794607   35
5   01016520   36
5   01147667   37
5   01016521   38
5   01147722   39
5   01016556   40
5   01207169   41
5   01016557   42
5   01207170   43
5   01025335   44
5   01025338   45
6   06133842   1
6   06292808   2
6   01012490   3
6   01050066   4
6   06256970   5
6   05983558   6
6   05983583   7
6   01042243   8
6   01277616   9
6   00610497   10
6   05983576   11
6   06292801   12
6   01012491   13
6   01050067   14
6   06256974   15
6   05983559   16
6   05983585   17
6   01042250   18
6   01277562   19
6   01281476   20
6   05983578   21
6   06292802   22
6   01343808   23
6   01050068   24
6   06257045   25
6   05983561   26
6   05983587   27
6   01042252   28
6   01277617   29
6   01281302   30
6   05983579   31
6   06293057   32
6   01343894   33
6   01050083   34
6   06257037   35
6   05983564   36
6   05983590   37
6   01277647   38
6   05983582   39
6   01050098   40
6   06256968   41
6   05983617   42
6   01422604   43
6   05983560   44
6   06256969   45
6   05983629   46
6   05983562   47
6   05983630   48
6   05983563   49
6   05983620   50
6   01391818   51
6   01391816   52
6   01050056   53
6   01449344   54
6   01449345   55
7   08967942   1
7   06209632   2
7   06039391   3
7   00664423   4
7   01364243   5
7   00727527   6
7   00120243   7
7   06238580   8
7   00794431   9
7   06299287   10
7   06209633   11
7   06039401   12
7   00664425   13
7   01364941   14
7   00727529   15
7   00120333   16
7   06238582   17
7   00794449   18
7   06017969   19
7   06209634   20
7   00943044   21
7   00664426   22
7   01364943   23
7   00727532   24
7   00120335   25
7   06238583   26
7   00794450   27
7   06241320   28
7   06209636   29
7   01019968   30
7   00995744   31
7   01364964   32
7   06238584   33
7   06241330   34
7   06209637   35
7   01033525   36
7   00995745   37
7   01364966   38
7   06241333   39
7   06209638   40
7   01173584   41
7   00995746   42
7   00689024   43
7   06241334   44
7   06209639   45
7   01173586   46
7   00995747   47
7   06241419   48
7   06209641   49
7   01363454   50
7   06241420   51
7   06209642   52
7   01363457   53
7   06241464   54
7   06209643   55
7   01363458   56
7   06241496   57
7   06209644   58
7   01363461   59
7   06209645   60
7   01363462   61
7   06209646   62
7   01363498   63
7   06209647   64
7   06209648   65
7   06209649   66
7   06209651   67
7   06209656   68
7   06209667   69
7   06209669   70
8   08970857   1
8   08968095   2
8   01134647   3
8   08966344   4
8   08971714   5
8   00690514   6
8   00115579   7
8   00729240   8
8   00135289   9
8   08946371   10
8   08971310   11
8   06209284   12
8   01134828   13
8   00944359   14
8   01060741   15
8   00115580   16
8   00729241   17
8   00142890   18
8   08965337   19
8   06209286   20
8   00099888   21
8   00944360   22
8   01060742   23
8   00115581   24
8   00729242   25
8   00142916   26
8   00014888   27
8   08967592   28
8   00099889   29
8   00944361   30
8   01060743   31
8   00115582   32
8   00149432   33
8   00944363   34
8   00691041   35
8   00145014   36
8   01060744   37
8   00149433   38
8   00944364   39
8   01060745   40
8   06208757   41
8   06208759   42
8   06208763   43
8   06208767   44
8   06208779   45
8   06208793   46
8   06208799   47
8   06209249   48
8   06209251   49
8   06209290   50
8   06209256   51
8   06209264   52
9   06002185   1
9   05833224   2
9   06202918   3
9   05856456   4
9   06203070   5
9   01246160   6
9   06026728   7
9   01328578   8
9   06202934   9
9   01229028   10
9   06002189   11
9   06202925   12
9   05856459   13
9   00658540   14
9   06078661   15
9   06026769   16
9   05997966   17
9   05852025   18
9   06002190   19
9   06202930   20
9   05856461   21
9   06102686   22
9   06026936   23
9   00148953   24
9   05856464   25
9   06002194   26
9   06202938   27
9   05856462   28
9   06102893   29
9   06026946   30
9   00148954   31
9   05857214   32
9   06002195   33
9   06202942   34
9   05856467   35
9   06102986   36
9   06026965   37
9   01025985   38
9   06002199   39
9   06202956   40
9   06103889   41
9   06026972   42
9   01025986   43
9   06002201   44
9   06202991   45
9   06104006   46
9   06027341   47
9   01328557   48
9   06002203   49
9   06203004   50
9   01246154   51
9   01328560   52
9   06002205   53
9   06203014   54
9   06002206   55
9   06203019   56
9   06002207   57
9   06203028   58
9   06002208   59
9   06203033   60
9   06002210   61
9   06203058   62
9   06002214   63
10   05821590   1
10   05821701   2
10   06152144   3
10   01442527   4
10   01161172   5
10   01398972   6
10   05821514   7
10   05821521   8
10   05821526   9
10   00009346   10
10   06152145   11
10   06152765   12
10   00979532   13
10   01359958   14
10   05821515   15
10   05821527   16
10   05821559   17
10   06152149   18
10   00673761   19
10   01079463   20
10   01359961   21
10   05821516   22
10   05821528   23
10   05821564   24
10   06152780   25
10   00673763   26
10   01226028   27
10   01359964   28
10   05821519   29
10   05821537   30
10   05821567   31
10   06152781   32
10   00673771   33
10   01261586   34
10   05821522   35
10   05821550   36
10   05821569   37
10   06152783   38
10   00673772   39
10   00979534   40
10   05821523   41
10   05821570   42
10   06152785   43
10   00894616   44
10   05821538   45
10   05821575   46
10   06152786   47
10   00952644   48
10   05821540   49
10   05821576   50
10   06152787   51
10   00981373   52
10   05821542   53
10   05821578   54
10   01032967   55
10   05821543   56
10   05821580   57
10   05821551   58
10   05821581   59
10   05821552   60
10   05821585   61
10   05821586   62
10   05821597   63
10   05821697   64
10   05821698   65
10   05821699   66
11   00081813   1
11   00115069   2
11   00114469   3
11   01401623   4
11   00107833   5
11   00823565   6
11   00083184   7
11   00082710   8
11   00781592   9
11   00115256   10
11   00114355   11
11   00083044   12
11   00082318   13
11   00119617   14
11   00106338   15
11   00854745   16
11   00781669   17
11   00115289   18
11   00114451   19
11   00081004   20
11   00117317   21
11   00854746   22
11   00781674   23
11   00115316   24
11   08967915   25
11   01401500   26
11   00854747   27
11   00105261   28
11   00079116   29
11   01401502   30
11   00104433   31
11   00119308   32
11   00080780   33
11   01401582   34
11   00092058   35
11   00079396   36
11   00726306   37
11   00112418   38
11   00080788   39
11   00128659   40
12   00141417   1
12   00134693   2
12   00013847   3
12   00085051   4
12   00063488   5
12   00085275   6
12   00058793   7
12   00069130   8
12   00077107   9
12   00122789   10
12   00065724   11
12   00008279   12
12   00141399   13
12   00122917   14
12   00086194   15
12   00010044   16
12   00058783   17
12   00058758   18
12   00014919   19
12   00008678   20
12   00058697   21
12   00112423   22
12   00058638   23
12   00084943   24
12   00011051   25
12   00069119   26
12   00014945   27
12   00058745   28
12   00134679   29
12   00058564   30
12   00075922   31
12   00061275   32
12   00069121   33
12   00141546   34
12   00134688   35
12   00058589   36
12   00075975   37
12   00082991   38
12   00069157   39
12   00102833   40
12   00134710   41
12   00058623   42
12   00085452   43
12   00075504   44
12   00069160   45
12   00058540   46
12   00084726   47
12   00069127   48
12   00058576   49
12   00058395   50
12   00058614   51
12   00058626   52
12   00058653   53
13   08974270   1
13   08969489   2
13   00067969   3
13   00067970   4
13   08964953   5
13   08974242   6
13   08946846   7
13   00070766   8
13   08974146   9
13   08972025   10
13   08972071   11
13   08974140   12
13   08967535   13
13   08974142   14
13   08974143   15
13   00070760   16
13   00113857   17
13   08965931   18
13   08963337   19
13   08974253   20
13   08965442   21
13   08974254   22
13   08974243   23
13   08967033   24
13   08974263   25
13   08946589   26
13   08969619   27
13   08966978   28
13   08974268   29
13   08974266   30
13   08969616   31
13   08967533   32
13   08974272   33
13   08965045   34
13   08969574   35
13   08974273   36
13   08965429   37
13   08974454   38
13   08965495   39
13   08974455   40
13   08965513   41
13   08946849   42
13   08965520   43
13   08965970   44
13   08965535   45
13   08969668   46
13   08965980   47
13   08974144   48
13   08966040   49
13   08974145   50
13   08966440   51
13   08966917   52
14   08970365   1
14   08969782   2
14   00702601   3
14   00979535   4
14   08970938   5
14   08970403   6
14   08966577   7
14   00980263   8
14   08970358   9
14   08970367   10
14   08970955   11
14   08968078   12
14   08969229   13
14   08945846   14
14   08970363   15
14   08966574   16
14   08970957   17
14   08969238   18
14   08969287   19
14   08966576   20
14   08970391   21
14   08963222   22
14   08969298   23
14   08966637   24
14   08970394   25
14   08969301   26
14   08967502   27
14   08970396   28
14   08969303   29
14   08969212   30
14   08970405   31
14   08969217   32
14   08970407   33
14   08969218   34
14   08970409   35
14   08969245   36
14   08970410   37
14   08969247   38
14   08970414   39
14   08969249   40
14   08970417   41
14   08969250   42
14   08970429   43
14   08969254   44
14   08970431   45
14   08969268   46
14   08970433   47
14   08969285   48
14   08970436   49
14   08969332   50
14   08970440   51
14   08969737   52
14   08969791   53
14   08969793   54
14   08969795   55
15   00008856   1
15   01012766   2
15   00071171   3
15   00979568   4
15   00980274   5
15   01252832   6
15   05858271   7
15   01126038   8
15   00698004   9
15   00074498   10
15   01012765   11
15   00129401   12
15   00980023   13
15   00008855   14
15   01123209   15
15   08967708   16
15   00980264   17
15   00912544   18
15   05858281   19
15   00150523   20
15   00698012   21
15   00093074   22
15   00632126   23
15   00980005   24
15   00008858   25
15   01225210   26
15   00912724   27
15   05858200   28
15   00995449   29
15   00122510   30
15   00632127   31
15   00081649   32
15   00008860   33
15   06178521   34
15   00912943   35
15   00593972   36
15   00059812   37
15   00632180   38
15   00081651   39
15   06178522   40
15   00912945   41
15   01152084   42
15   01123207   43
15   08969497   44
15   06178527   45
15   00914644   46
15   00645992   47
15   00151216   48
15   00130767   49
15   06178529   50
15   00918017   51
15   01125184   52
15   01125134   53
15   00130771   54
15   00918020   55
15   01158918   56
15   01125136   57
15   00141150   58
15   00918047   59
15   01125183   60
15   01249946   61
15   01250570   62
15   01252911   63
15   01253108   64
15   01254279   65
15   01254760   66
16   08965947   1
16   08946865   2
16   08967157   3
16   08969749   4
16   00667550   5
16   08969820   6
16   08969762   7
16   08966173   8
16   08945809   9
16   01262014   10
16   08974536   11
16   08946298   12
16   08970909   13
16   08969752   14
16   08969823   15
16   08966030   16
16   08966179   17
16   08946419   18
16   01426274   19
16   08974537   20
16   08946362   21
16   08969747   22
16   08969818   23
16   08966184   24
16   08963206   25
16   08945976   26
16   08974540   27
16   08965321   28
16   08969750   29
16   08966631   30
16   08963208   31
16   08945985   32
16   08971142   33
16   08945869   34
16   08966634   35
16   08963209   36
16   08946303   37
16   08972057   38
16   08946034   39
16   08967058   40
16   08963210   41
16   08946870   42
16   08972058   43
16   08946506   44
16   08967138   45
16   08965369   46
16   08946918   47
16   08963280   48
16   08967143   49
16   08966156   50
16   08947006   51
16   08964824   52
16   08967146   53
16   08966180   54
16   08963202   55
16   08964825   56
16   08967148   57
16   08966653   58
16   08963203   59
16   08964826   60
16   08967149   61
16   08966660   62
16   08964851   63
16   08964829   64
16   08967151   65
16   08970105   66
16   08965051   67
16   08964832   68
16   08967153   69
16   08970460   70
16   08964834   71
16   08968175   72
16   08971047   73
16   08964836   74
16   08968187   75
16   08971130   76
16   08964837   77
16   08964838   78
16   08964839   79
17   01244172   1
17   01283439   2
17   06240350   3
17   06238248   4
17   01068212   5
17   06222274   6
17   01244091   7
17   06288875   8
17   01244109   9
17   01244055   10
17   06024768   11
17   06240351   12
17   06238249   13
17   01068221   14
17   06222275   15
17   01244248   16
17   06289013   17
17   06240534   18
17   01244068   19
17   01281604   20
17   06240378   21
17   06238250   22
17   06222281   23
17   00744283   24
17   06240536   25
17   01281619   26
17   06240380   27
17   01237513   28
17   06222294   29
17   00744313   30
17   01244169   31
17   01281632   32
17   06240383   33
17   01237514   34
17   06222295   35
17   00744320   36
17   01281638   37
17   06240399   38
17   01237515   39
17   06222297   40
17   00744483   41
17   01281642   42
17   06240408   43
17   01237530   44
17   06222300   45
17   00744484   46
17   01281560   47
17   06240410   48
17   06238228   49
17   00744527   50
17   01281564   51
17   06240422   52
17   06238229   53
17   01281567   54
17   06238237   55
17   01281571   56
17   06238240   57
17   01281558   58
17   06238252   59
17   06238253   60
17   06238254   61
17   06238344   62
17   06238346   63
18   00110245   1
18   00110252   2
18   00066933   3
18   00065532   4
18   01295957   5
18   00609222   6
18   01294639   7
18   00823094   8
18   01296370   9
18   01295954   10
18   00110273   11
18   01200488   12
18   00951022   13
18   01296401   14
18   01294641   15
18   00823912   16
18   01296472   17
18   01296414   18
18   00110278   19
18   01294635   20
18   00951023   21
18   01296404   22
18   01296375   23
18   00910525   24
18   01296483   25
18   01296419   26
18   00110280   27
18   01294636   28
18   00951103   29
18   01296405   30
18   01296378   31
18   01296489   32
18   01296426   33
18   00110282   34
18   00951131   35
18   01296381   36
18   01296428   37
18   00110268   38
18   00683158   39
18   01296418   40
18   08946978   41
18   00063674   42
18   08963211   43
18   00066907   44
18   00110256   45
18   00951106   46
18   01260559   47
19   01151948   1
19   01088388   2
19   01333885   3
19   05949102   4
19   00946612   5
19   00594704   6
19   05846006   7
19   00732124   8
19   05845903   9
19   01350515   10
19   01151949   11
19   01371600   12
19   00946613   13
19   00594705   14
19   00732125   15
19   05845904   16
19   00678796   17
19   00946616   18
19   00594706   19
19   00732126   20
19   05845905   21
19   00678798   22
19   00946627   23
19   00816993   24
19   05845906   25
19   01377266   26
19   05845907   27
19   01377267   28
19   05845908   29
19   01176906   30
19   05845909   31
19   00925656   32
19   05845910   33
19   05845911   34
19   05845912   35
19   05845914   36
20   01206531   1
20   01255297   2
20   06149028   3
20   06189747   4
20   06023977   5
20   00097543   6
20   06300771   7
20   06040831   8
20   00103577   9
20   06040887   10
20   08966363   11
20   01206535   12
20   06023946   13
20   06149032   14
20   06189749   15
20   06149585   16
20   06300787   17
20   06040875   18
20   00756585   19
20   06040888   20
20   08967826   21
20   06149041   22
20   06189755   23
20   06149592   24
20   06301133   25
20   06040876   26
20   00756829   27
20   06149555   28
20   08969456   29
20   06149045   30
20   06189756   31
20   06301148   32
20   06040877   33
20   01002115   34
20   08963293   35
20   06149049   36
20   06189757   37
20   01384761   38
20   06040878   39
20   01002121   40
20   08966787   41
20   06149075   42
20   01384764   43
20   06041055   44
20   01260620   45
20   00097548   46
20   06149084   47
20   08963292   48
20   06238313   49
20   06149299   50
20   06238314   51
20   06149549   52
20   06238315   53
21   01305072   1
21   00892505   2
21   00830676   3
21   06102517   4
21   00826679   5
21   01477792   6
21   01481111   7
21   00826833   8
21   06102250   9
21   01305510   10
21   00892543   11
21   00825390   12
21   06209411   13
21   00977125   14
21   06102514   15
21   01305511   16
21   00892544   17
21   00825391   18
21   00932251   19
21   01069580   20
21   06102520   21
21   00892583   22
21   00825392   23
21   01069582   24
21   00892603   25
21   00825432   26
21   01069619   27
21   00892644   28
21   00825435   29
21   01069846   30
21   00892663   31
21   01275066   32
21   00892743   33
21   00827019   34
21   00892744   35
21   00892764   36
21   00892825   37
21   00892884   38
21   00892885   39
21   00893263   40
22   01316094   1
22   06279281   2
22   06280839   3
22   06279184   4
22   00091738   5
22   05997926   6
22   00010726   7
22   05878938   8
22   00001439   9
22   05982415   10
22   01034337   11
22   01316108   12
22   06279365   13
22   06280843   14
22   06279339   15
22   06279418   16
22   05997928   17
22   00130073   18
22   05879007   19
22   05982418   20
22   01316153   21
22   06279477   22
22   06280848   23
22   06279420   24
22   05982427   25
22   00102659   26
22   05879054   27
22   05982420   28
22   01316168   29
22   06280849   30
22   06279434   31
22   06103220   32
22   00010265   33
22   05879165   34
22   05982423   35
22   01316177   36
22   01207086   37
22   06279435   38
22   06103222   39
22   05879261   40
22   01207087   41
22   06279479   42
22   05879289   43
22   05982411   44
22   05879387   45
22   05982414   46
23   00070548   1
23   00109576   2
23   00620346   3
23   00132973   4
23   00825072   5
23   00100945   6
23   00927925   7
23   00102897   8
23   00077501   9
23   00109580   10
23   00688305   11
23   01262014   12
23   00941303   13
23   00927963   14
23   00012609   15
23   00077510   16
23   00109578   17
23   06183769   18
23   01022825   19
23   00927964   20
23   00077511   21
23   00109572   22
23   01520542   23
23   01042815   24
23   00928104   25
23   00079175   26
23   00109290   27
23   01520544   28
23   00593200   29
23   00928125   30
23   01520559   31
23   00615299   32
23   00658661   33
23   01498675   34
23   00615744   35
23   00615745   36
23   00615746   37
24   08969231   1
24   08969762   2
24   00001511   3
24   00606926   4
24   00963062   5
24   08969782   6
24   01040323   7
24   08969229   8
24   00702601   9
24   08969849   10
24   08946554   11
24   00101633   12
24   08965029   13
24   08970926   14
24   00001514   15
24   00606927   16
24   08969723   17
24   08970955   18
24   00105593   19
24   08965397   20
24   08965318   21
24   00096311   22
24   00606928   23
24   08970573   24
24   08969234   25
24   00106045   26
24   08966326   27
24   08965320   28
24   00101528   29
24   08970938   30
24   08969811   31
24   01040324   32
24   08966366   33
24   00109427   34
24   08969414   35
24   00112836   36
24   00124834   37
24   00124989   38
24   00702527   39
24   00702545   40
24   00702547   41
24   06056028   42
24   06056031   43
24   06056075   44
24   06056157   45
24   06056158   46
24   06056161   47
24   06056435   48
24   06056438   49
24   06056439   50
25   00011185   1
25   08970860   2
25   00108636   3
25   00012865   4
25   00010072   5
25   00134705   6
25   00112810   7
25   00069418   8
25   01510897   9
25   06164035   10
25   00075803   11
25   06214395   12
25   01272724   13
25   00069195   14
25   00009317   15
25   00010073   16
25   00058750   17
25   00112817   18
25   00069449   19
25   01510895   20
25   06164037   21
25   00012580   22
25   00012896   23
25   01084800   24
25   00111726   25
25   00069456   26
25   01511775   27
25   06164038   28
25   01291817   29
25   00074036   30
25   06161084   31
25   01291819   32
25   00001174   33
25   00086982   34
25   00012277   35
25   00109307   36
25   00068874   37
25   00058690   38
25   00069374   39
26   06026358   1
26   06106548   2
26   06026789   3
26   06116368   4
26   06239730   5
26   06097964   6
26   06153710   7
26   06107495   8
26   06026783   9
26   05967645   10
26   06026452   11
26   06098079   12
26   06116372   13
26   06239735   14
26   06097972   15
26   06153711   16
26   06107498   17
26   06026795   18
26   05967649   19
26   06026530   20
26   06159909   21
26   06240267   22
26   06098028   23
26   06153712   24
26   06107499   25
26   06026798   26
26   05967699   27
26   06026642   28
26   06159910   29
26   06240274   30
26   06098100   31
26   06153883   32
26   06107529   33
26   06026827   34
26   05967716   35
26   06159911   36
26   06242360   37
26   06098111   38
26   06153895   39
26   06159912   40
26   06242371   41
26   06098193   42
26   06153906   43
26   06159913   44
26   06098620   45
26   06153911   46
26   06159915   47
26   06153913   48
26   06153951   49
27   06300747   1
27   00833859   2
27   06300796   3
27   06168270   4
27   01265643   5
27   01473027   6
27   01276682   7
27   01265345   8
27   00143254   9
27   01129499   10
27   01226235   11
27   08967392   12
27   01265399   13
27   00868845   14
27   00833871   15
27   01183852   16
27   06168277   17
27   01473190   18
27   01276683   19
27   01265382   20
27   01226174   21
27   01129500   22
27   01226255   23
27   08969035   24
27   01265713   25
27   00868850   26
27   00868842   27
27   01226253   28
27   01276684   29
27   01265383   30
27   01226176   31
27   01129501   32
27   01226320   33
27   08969043   34
27   01265717   35
27   01061782   36
27   00868843   37
27   06032957   38
27   01276685   39
27   01226189   40
27   01129510   41
27   01265742   42
27   08969530   43
27   01265733   44
27   01061784   45
27   06032992   46
27   01276686   47
27   01129523   48
27   01265749   49
27   08946963   50
27   01061785   51
27   00087171   52
27   01276688   53
27   01129525   54
27   08946965   55
27   01276692   56
27   01370475   57
27   08963233   58
27   01276693   59
27   01370477   60
27   08964876   61
27   01370479   62
27   08965884   63
27   01370480   64
27   08966829   65
27   01370481   66
27   08967017   67
27   01370482   68
27   08967427   69
27   01370489   70
27   08967862   71
27   01370490   72
27   08968967   73
27   08968987   74
27   08971114   75
27   08968232   76
28   00781501   1
28   01116788   2
28   00948431   3
28   01461579   4
28   06220950   5
28   01191963   6
28   00755052   7
28   01183297   8
28   00615525   9
28   01147525   10
28   00781503   11
28   01116819   12
28   00948433   13
28   01461621   14
28   06220956   15
28   01191971   16
28   00755053   17
28   01183299   18
28   01182862   19
28   01147522   20
28   00781507   21
28   01116840   22
28   00948428   23
28   01461724   24
28   06220959   25
28   01191972   26
28   00755054   27
28   01183300   28
28   01182863   29
28   01147528   30
28   01116841   31
28   00634720   32
28   01461727   33
28   06220980   34
28   01360723   35
28   00084655   36
28   01183302   37
28   01182864   38
28   01147508   39
28   01116833   40
28   01461728   41
28   06220982   42
28   01360764   43
28   01183303   44
28   01182865   45
28   01147518   46
28   01116787   47
28   01461733   48
28   06221143   49
28   01360854   50
28   01183304   51
28   01182866   52
28   01116789   53
28   01461739   54
28   06221144   55
28   01360756   56
28   01183310   57
28   01182867   58
28   01116791   59
28   01461742   60
28   06221148   61
28   01360757   62
28   01183311   63
28   01182868   64
28   01116792   65
28   01461744   66
28   06271303   67
28   01183313   68
28   01182869   69
28   01116827   70
28   01183292   71
28   01182870   72
28   01116828   73
28   01183293   74
28   01182871   75
28   01116831   76
28   01183294   77
28   01182872   78
28   01127457   79
28   01182873   80
29   01244172   1
29   01244091   2
29   06240350   3
29   06288875   4
29   00085119   5
29   06238248   6
29   00011626   7
29   01244109   8
29   01237514   9
29   06282499   10
29   01244248   11
29   06240351   12
29   06289013   13
29   00869421   14
29   06238249   15
29   00011627   16
29   06240534   17
29   01237515   18
29   06282543   19
29   01283439   20
29   06240378   21
29   01207703   22
29   06238250   23
29   00011625   24
29   06240536   25
29   01237530   26
29   06282625   27
29   06238344   28
29   06240380   29
29   01432022   30
29   01281619   31
29   01237513   32
29   06282670   33
29   06238346   34
29   06240383   35
29   01281632   36
29   06294590   37
29   01281560   38
29   06240399   39
29   01281638   40
29   06294524   41
29   01281564   42
29   06240408   43
29   01281642   44
29   01281567   45
29   06240410   46
29   00910117   47
29   01281571   48
29   06240422   49
29   00910130   50
29   01027239   51
29   01027276   52
30   00894763   1
30   00938592   2
30   01489619   3
30   01336799   4
30   01267433   5
30   00772198   6
30   00921083   7
30   01296637   8
30   00100101   9
30   00102720   10
30   00894850   11
30   01205083   12
30   08963300   13
30   00799159   14
30   00130217   15
30   01267445   16
30   00772200   17
30   01391532   18
30   00116840   19
30   01205085   20
30   01135518   21
30   01408655   22
30   01266068   23
30   00772202   24
30   00117346   25
30   01225749   26
30   01489617   27
30   01469222   28
30   01266071   29
30   01023055   30
30   00117920   31
30   01225753   32
30   01489624   33
30   01469223   34
30   01266073   35
30   00119229   36
30   01226891   37
30   01401157   38
30   01469224   39
30   01266619   40
30   00128976   41
30   01235210   42
30   01515048   43
30   01477564   44
30   01266621   45
30   00140384   46
30   01242282   47
30   06002465   48
30   00150454   49
30   01266622   50
30   01242288   51
30   00787149   52
30   01255550   53
30   01256850   54
30   01205926   55
30   01241069   56
30   00082660   57
31   05982810   1
31   05982818   2
31   06299278   3
31   06238500   4
31   06238557   5
31   06238632   6
31   06238495   7
31   05982758   8
31   06238637   9
31   05982812   10
31   00689259   11
31   06299287   12
31   06238501   13
31   06238633   14
31   06238496   15
31   06238550   16
31   06238638   17
31   05982821   18
31   06234751   19
31   05960239   20
31   06238502   21
31   06238497   22
31   06238551   23
31   06238639   24
31   05982823   25
31   00688642   26
31   05960240   27
31   06238505   28
31   06238498   29
31   06238630   30
31   00843970   31
31   05982827   32
31   00688643   33
31   05960241   34
31   06238508   35
31   06238499   36
31   06238631   37
31   05982829   38
31   00688495   39
31   05960242   40
31   06238509   41
31   06238635   42
31   05982831   43
31   05960243   44
31   06238510   45
31   06238636   46
31   05982834   47
31   05960245   48
31   06238511   49
31   05982836   50
31   05960249   51
31   06238512   52
31   05960250   53
31   06238513   54
31   05960251   55
31   06238514   56
31   05960257   57
31   06238515   58
31   05960259   59
31   06238516   60
31   05960260   61
31   06238517   62
31   05960262   63
31   06238520   64
31   06238521   65
31   06238522   66
31   06238523   67
31   06238524   68
31   06238528   69
31   06238529   70
31   06238534   71
32   01508449   1
32   06280284   2
32   06296182   3
32   05870678   4
32   05824918   5
32   06291068   6
32   05870153   7
32   01508450   8
32   05850541   9
32   05871648   10
32   06280319   11
32   06296248   12
32   05864419   13
32   05826654   14
32   06291071   15
32   05841915   16
32   05850544   17
32   05871751   18
32   06296180   19
32   05864421   20
32   06291083   21
32   05841927   22
32   00103580   23
32   05871768   24
32   06296181   25
32   05864429   26
32   06291086   27
32   05871607   28
32   05850471   29
32   05870574   30
32   06296212   31
32   05864456   32
32   06291098   33
32   05872212   34
32   05850472   35
32   05862496   36
32   06296228   37
32   05864568   38
32   06291127   39
32   00015171   40
32   05850474   41
32   05871712   42
32   06296242   43
32   05864599   44
32   06291128   45
32   01340460   46
32   00064463   47
32   05871728   48
32   05864669   49
32   06291133   50
32   01340461   51
32   05871806   52
32   05864736   53
32   05824023   54
32   05864980   55
32   05824029   56
32   05867862   57
32   05824032   58
32   05867864   59
32   05826497   60
32   05870576   61
32   05826499   62
32   05870588   63
32   05826500   64
32   05870713   65
32   05869999   66
32   05870114   67
32   05870179   68
32   05870471   69
33   05967027   1
33   00076886   2
33   08946798   3
33   00083216   4
33   00012447   5
33   01463618   6
33   08946092   7
33   00063984   8
33   00061271   9
33   08967206   10
33   00001294   11
33   06116821   12
33   08966011   13
33   00013884   14
33   01463625   15
33   08946245   16
33   00068123   17
33   00833079   18
33   08970517   19
33   06115963   20
33   01463627   21
33   08946513   22
33   01463851   23
33   08968926   24
33   01474752   25
33   01518708   26
33   08946784   27
33   01463852   28
33   08946787   29
33   06065624   30
33   08946789   31
33   08965752   32
33   06065625   33
33   08946792   34
33   06078004   35
33   06065629   36
33   08962895   37
33   06078011   38
33   06065631   39
33   08964626   40
33   06078027   41
33   06065633   42
33   08966756   43
33   06065636   44
33   06065638   45
33   06065640   46
33   06065643   47
33   06065645   48
33   06065671   49
33   06065673   50
33   06065675   51
33   06065676   52
33   06065679   53
33   06065680   54
33   00067780   55
34   01173582   1
34   00596439   2
34   01054842   3
34   01261094   4
34   01070584   5
34   08971089   6
34   00594333   7
34   08969907   8
34   00604199   9
34   01097090   10
34   00061906   11
34   00151068   12
34   08969004   13
34   00630531   14
34   00729581   15
34   00662856   16
34   08970448   17
34   00769487   18
34   01097091   19
34   01252428   20
34   05821526   21
34   00651731   22
34   01067070   23
34   00832679   24
34   08970452   25
34   01164347   26
34   00128906   27
34   01261095   28
34   01079981   29
34   00882007   30
34   08970457   31
34   01099487   32
34   00632752   33
34   01195707   34
34   01079982   35
34   01043570   36
34   01079983   37
34   00688487   38
34   00688761   39
34   00708008   40
34   00708902   41
34   00709508   42
34   00712670   43
35   08966014   1
35   00106092   2
35   08966845   3
35   00061243   4
35   00001371   5
35   00140406   6
35   00001287   7
35   08945883   8
35   08967497   9
35   00008432   10
35   08968995   11
35   08967810   12
35   05828395   13
35   08969451   14
35   00150341   15
35   00001372   16
35   08945886   17
35   08946907   18
35   00008434   19
35   05828399   20
35   00656233   21
35   08945889   22
35   08965825   23
35   00774625   24
35   05828401   25
35   00656234   26
35   08965248   27
35   08965954   28
35   00774627   29
35   05828406   30
35   00656240   31
35   08965500   32
35   08965958   33
35   00075074   34
35   05828407   35
35   00656360   36
35   08966393   37
35   05828421   38
35   05828408   39
35   08966967   40
35   05828410   41
35   05828415   42
35   05828416   43
36   00800097   1
36   00799050   2
36   00787149   3
36   08947042   4
36   00782330   5
36   00789896   6
36   00628303   7
36   00800131   8
36   00723174   9
36   00798912   10
36   00110508   11
36   00799051   12
36   08962843   13
36   05955005   14
36   00701556   15
36   00798881   16
36   00111383   17
36   00799052   18
36   08945723   19
36   05955024   20
36   00701592   21
36   00798925   22
36   00068324   23
36   00799053   24
36   08962846   25
36   05955045   26
36   00701563   27
36   00799210   28
36   00109559   29
36   00799055   30
36   05955066   31
36   01456733   32
36   01457700   33
36   00774644   34
36   00066450   35
36   00150364   36
37   00062445   1
37   00616093   2
37   01176968   3
37   01334551   4
37   00706761   5
37   08966369   6
37   05968005   7
37   00006533   8
37   01061501   9
37   00615532   10
37   00014737   11
37   00698900   12
37   08947028   13
37   01176965   14
37   01334552   15
37   01425718   16
37   08966370   17
37   05968008   18
37   00006532   19
37   01177069   20
37   01177032   21
37   00111787   22
37   00009824   23
37   01177026   24
37   01425717   25
37   05968010   26
37   00006613   27
37   01061248   28
37   01177033   29
37   00610727   30
37   00137352   31
37   01427304   32
37   00076020   33
37   01061251   34
37   01188306   35
37   00611548   36
37   00101843   37
37   01427306   38
37   00000779   39
37   01427089   40
37   01427092   41
37   00616337   42
37   00616338   43
38   01143572   1
38   00596643   2
38   00985635   3
38   01139962   4
38   01141968   5
38   01313274   6
38   00596647   7
38   00723866   8
38   01284393   9
38   00955186   10
38   01139966   11
38   00596646   12
38   00985645   13
38   01139963   14
38   01141972   15
38   01313276   16
38   00596656   17
38   00723919   18
38   01284394   19
38   00955189   20
38   01139968   21
38   00596638   22
38   01488810   23
38   01139964   24
38   01141975   25
38   01313352   26
38   01309192   27
38   01284396   28
38   00955190   29
38   01139970   30
38   00596640   31
38   00985868   32
38   01139965   33
38   01141977   34
38   01309193   35
38   01264747   36
38   01139971   37
38   00596642   38
38   00985923   39
38   01141979   40
38   01309196   41
38   00808417   42
38   00985930   43
38   01141981   44
38   01309197   45
38   00808430   46
38   00985932   47
38   01313769   48
38   00985937   49
38   00985938   50
38   00985939   51
38   00985949   52
38   01285960   53
38   01285965   54
38   01309807   55
39   01306206   1
39   01360193   2
39   01082646   3
39   01399222   4
39   01305544   5
39   00061979   6
39   01306207   7
39   01327477   8
39   00853427   9
39   01304043   10
39   01305549   11
39   00151870   12
39   01445068   13
39   01082613   14
39   01304045   15
39   01307109   16
39   01304209   17
39   01445070   18
39   01084470   19
39   01305516   20
39   01306257   21
39   01454652   22
39   01445076   23
39   01304439   24
39   01306272   25
39   00121612   26
39   01346792   27
39   00149206   28
39   01346810   29
39   01188444   30
39   01307110   31
39   00618953   32
39   01346796   33
39   00907279   34
39   01346798   35
39   00907284   36
39   01346799   37
40   08965094   1
40   08969232   2
40   08966131   3
40   08964743   4
40   08969247   5
40   08945847   6
40   08967663   7
40   08968207   8
40   08970936   9
40   08966041   10
40   08965608   11
40   08969243   12
40   08966151   13
40   08965222   14
40   08969786   15
40   08964773   16
40   08967699   17
40   08966622   18
40   08966586   19
40   08968130   20
40   08966152   21
40   08965574   22
40   08970939   23
40   08965089   24
40   08970360   25
40   08966626   26
40   08969238   27
40   08966533   28
40   08966583   29
40   08970961   30
40   08965224   31
40   08970377   32
40   08965313   33
40   08969298   34
40   08967631   35
40   08970964   36
40   08970386   37
40   08966603   38
40   08969301   39
40   08970966   40
40   08967502   41
40   08966605   42
40   08970967   43
40   08967580   44
40   08966607   45
40   08970969   46
40   08965092   47
40   08966608   48
40   08970970   49
40   08966619   50
40   08970972   51
40   08967441   52
40   08969212   53
40   08967443   54
40   08969218   55
41   00948431   1
41   00781501   2
41   01116788   3
41   01461579   4
41   06220950   5
41   00762176   6
41   00755052   7
41   01424474   8
41   01179928   9
41   00755046   10
41   00948433   11
41   00781503   12
41   01116819   13
41   01461621   14
41   06220956   15
41   00755875   16
41   00755053   17
41   01424534   18
41   00755043   19
41   00781507   20
41   01116840   21
41   01461724   22
41   06220959   23
41   00755341   24
41   00755054   25
41   01360756   26
41   01040306   27
41   00781542   28
41   01116841   29
41   01461727   30
41   06220980   31
41   01040308   32
41   01360757   33
41   01147522   34
41   01116833   35
41   01461728   36
41   06220982   37
41   01089343   38
41   01470089   39
41   01147528   40
41   01127457   41
41   01461733   42
41   06221143   43
41   00755323   44
41   01360061   45
41   01147525   46
41   01116787   47
41   01461739   48
41   06221144   49
41   00755360   50
41   01147508   51
41   01116789   52
41   01461742   53
41   06221148   54
41   00948428   55
41   01147518   56
41   01116791   57
41   01461744   58
41   06271303   59
41   01116792   60
41   00634515   61
41   01116827   62
41   00634720   63
41   01116828   64
41   01116831   65
42   00074415   1
42   00069174   2
42   00149725   3
42   00827258   4
42   00058904   5
42   00062406   6
42   00062494   7
42   00124110   8
42   00058887   9
42   00081540   10
42   00005993   11
42   00078760   12
42   00080973   13
42   00080805   14
42   00075449   15
42   00623804   16
42   00006713   17
42   00827278   18
42   00062720   19
42   00114409   20
42   00124111   21
42   00082950   22
42   00006183   23
42   00078776   24
42   00080974   25
42   00001198   26
42   00660403   27
42   00079565   28
42   01127638   29
42   00149603   30
42   00082954   31
42   00061509   32
42   00078774   33
42   00080998   34
42   00006319   35
42   00673846   36
42   01127639   37
42   00083183   38
42   00062244   39
42   00078842   40
42   00745058   41
42   01127641   42
42   00655387   43
42   00062264   44
42   00080961   45
42   00745085   46
42   01155562   47
42   00062856   48
42   00629548   49
42   00064003   50
42   00064034   51
42   00075568   52
43   01471376   1
43   06197575   2
43   00762685   3
43   01086855   4
43   06175116   5
43   00615154   6
43   06024789   7
43   01400519   8
43   06287386   9
43   01493186   10
43   01400200   11
43   00009227   12
43   01471383   13
43   06197592   14
43   00599448   15
43   00963351   16
43   06175135   17
43   01049913   18
43   06024799   19
43   01400766   20
43   06287392   21
43   00014386   22
43   00082333   23
43   00009228   24
43   01471418   25
43   01471426   26
43   01035680   27
43   00963355   28
43   01049916   29
43   06024808   30
43   06121263   31
43   00014400   32
43   05846276   33
43   00008264   34
43   01471379   35
43   06121199   36
43   00963356   37
43   01049917   38
43   06121332   39
43   01043978   40
43   05846279   41
43   00009250   42
43   01471380   43
43   06121204   44
43   00963563   45
43   01049918   46
43   06121259   47
43   01043979   48
43   05846280   49
43   00068296   50
43   01471388   51
43   06121211   52
43   00963571   53
43   00634804   54
43   06121135   55
43   01043982   56
43   05846281   57
43   00117597   58
43   01471390   59
43   06121300   60
43   01206705   61
43   01043957   62
43   06121155   63
43   01026503   64
43   00592258   65
43   00117604   66
43   01471409   67
43   00012566   68
43   01471415   69
43   00106136   70
43   01471416   71
44   00843333   1
44   01477345   2
44   00734520   3
44   00587228   4
44   00702019   5
44   06215899   6
44   00702480   7
44   01295600   8
44   00734522   9
44   00587232   10
44   00702020   11
44   06215962   12
44   00702481   13
44   01468790   14
44   00764705   15
44   00587514   16
44   00702021   17
44   06215963   18
44   00702482   19
44   01295714   20
44   00764706   21
44   00587521   22
44   00702023   23
44   06215965   24
44   00702485   25
44   01295932   26
44   00764718   27
44   00662697   28
44   06216031   29
44   00702487   30
44   01295807   31
44   00764719   32
44   00662698   33
44   06216077   34
44   01295809   35
44   00764721   36
44   00665775   37
44   00638185   38
44   01295810   39
44   00764722   40
44   00665777   41
44   00662694   42
44   01295811   43
44   00764723   44
44   00665778   45
44   01295812   46
44   00764725   47
44   00665779   48
44   06048295   49
44   00764731   50
44   00665780   51
44   00764937   52
44   00764732   53
44   00665781   54
44   00665782   55
44   00665786   56
45   00140168   1
45   01061668   2
45   00781804   3
45   01125826   4
45   01055116   5
45   00644649   6
45   01265692   7
45   01458023   8
45   01458024   9
45   00009594   10
45   08966829   11
45   01453702   12
45   00775925   13
45   01055156   14
45   01453711   15
45   08966827   16
45   01453704   17
45   00918184   18
45   01055157   19
45   00007568   20
45   00857386   21
45   01055159   22
45   00009799   23
45   00826924   24
45   01048628   25
45   00143060   26
45   00910166   27
45   01265645   28
45   00936914   29
45   01265650   30
45   00936989   31
45   00918227   32
45   01182466   33
45   00796729   34
45   01182468   35
45   00936991   36
45   01182469   37
45   00936992   38
45   01182471   39
45   00937023   40
45   01182475   41
45   01125765   42
46   08973767   1
46   00012599   2
46   01265336   3
46   00107551   4
46   01141039   5
46   01309212   6
46   00115426   7
46   00940100   8
46   06047092   9
46   00144035   10
46   01309023   11
46   01393717   12
46   06184040   13
46   00117556   14
46   00010712   15
46   06047088   16
46   06182903   17
46   01393719   18
46   06184041   19
46   01333427   20
46   00010732   21
46   00846422   22
46   06182905   23
46   01430509   24
46   06184054   25
46   01333428   26
46   00062867   27
46   06168562   28
46   00001173   29
46   01433196   30
46   01333429   31
46   00062905   32
46   00068940   33
46   01333430   34
46   00098783   35
46   00106485   36
46   01333431   37
46   00099694   38
46   00131580   39
46   01333432   40
46   00107883   41
46   00062881   42
46   00132067   43
46   00080887   44
46   00139919   45
46   00093096   46
46   00139764   47
46   00144514   48
47   01014399   1
47   01481755   2
47   00707132   3
47   01217951   4
47   00140302   5
47   01014419   6
47   01126574   7
47   06192467   8
47   00960276   9
47   01181804   10
47   00707134   11
47   01441539   12
47   00796674   13
47   01127245   14
47   00910068   15
47   06192501   16
47   01036184   17
47   06145851   18
47   06236681   19
47   01441537   20
47   00983271   21
47   06192502   22
47   06236777   23
47   00137333   24
47   01310703   25
47   06192619   26
47   06236797   27
47   00149637   28
47   01282637   29
47   06236924   30
47   00139813   31
47   01354371   32
47   06237052   33
47   00132106   34
47   01371102   35
47   06237055   36
47   00124004   37
47   01400880   38
47   06003764   39
47   01217952   40
47   06048935   41
47   06003767   42
47   06059792   43
47   06003793   44
47   06059949   45
47   06003799   46
47   06024004   47
47   06024498   48
47   06024502   49
47   00629823   50
47   00629844   51
47   00623390   52
47   00623395   53
48   08965947   1
48   08965105   2
48   08945556   3
48   08965187   4
48   08965634   5
48   08946899   6
48   08966064   7
48   08965192   8
48   08946397   9
48   08967665   10
48   08965109   11
48   08946106   12
48   08965654   13
48   08965652   14
48   08965588   15
48   08966142   16
48   08965195   17
48   08946399   18
48   08967672   19
48   08965112   20
48   08946522   21
48   08965657   22
48   08967062   23
48   08966168   24
48   08965200   25
48   08967670   26
48   08965114   27
48   08947058   28
48   08967528   29
48   08967065   30
48   08966169   31
48   08965202   32
48   08965120   33
48   08964593   34
48   08970480   35
48   08967066   36
48   08966545   37
48   08965123   38
48   08965090   39
48   08967068   40
48   08966547   41
48   08965125   42
48   08967076   43
48   08965127   44
48   08967078   45
48   08965133   46
48   08967086   47
48   08965135   48
48   08967103   49
48   08965137   50
48   08967113   51
48   08965140   52
48   08967118   53
48   08965144   54
48   08967582   55
48   08965145   56
48   08967714   57
48   08965167   58
48   08968059   59
48   08965168   60
48   08969325   61
48   08965176   62
48   08970981   63
48   08965178   64
48   08965186   65
49   00150041   1
49   00583329   2
49   01142725   3
49   01264176   4
49   01145606   5
49   00059705   6
49   06256479   7
49   01269849   8
49   00583593   9
49   00084363   10
49   00151340   11
49   01142726   12
49   01264177   13
49   01145610   14
49   00151010   15
49   06256481   16
49   01269852   17
49   00591401   18
49   00660313   19
49   00076910   20
49   01142742   21
49   01264178   22
49   01145746   23
49   06256522   24
49   01269855   25
49   00812631   26
49   00660314   27
49   01144282   28
49   00810975   29
49   00587518   30
49   00812652   31
49   00149237   32
49   01144283   33
49   00811490   34
49   06272774   35
49   01475214   36
49   00059708   37
49   01505543   38
49   00811509   39
49   00102921   40
49   01475218   41
49   00083119   42
49   01506824   43
49   00811529   44
49   01475219   45
49   00102854   46
49   01507324   47
49   00811569   48
49   01475220   49
49   01507325   50
49   01475932   51
49   01507327   52
49   01476033   53
49   01476034   54
49   01476042   55
50   00695468   1
50   01433901   2
50   01492327   3
50   00009608   4
50   00140167   5
50   00062733   6
50   01385988   7
50   00104887   8
50   00141122   9
50   01358114   10
50   00061739   11
50   01498910   12
50   00009611   13
50   00139786   14
50   00101327   15
50   01386234   16
50   00104891   17
50   00121994   18
50   01368920   19
50   06253394   20
50   00009628   21
50   01161930   22
50   01386237   23
50   00121992   24
50   00644152   25
50   06253866   26
50   00084623   27
50   01161931   28
50   01362404   29
50   00121996   30
50   01358106   31
50   06253889   32
50   00009629   33
50   00113981   34
50   01358110   35
50   06253918   36
50   00006332   37
50   00119416   38
50   01389893   39
50   06170738   40
50   00006335   41
50   00119425   42
50   06170749   43
50   00006395   44
50   00121993   45
50   00006397   46
50   00121998   47
50   00006404   48
50   00123598   49
50   00006410   50
50   00123599   51
50   00107794   52
50   00143057   53
50   00113979   54
