1   05980958   1
1   01314072   2
1   01314066   3
1   05983565   4
1   05983579   5
1   05983568   6
1   05983587   7
1   01314059   8
1   01180202   9
1   01314067   10
1   05983630   11
1   06229336   12
1   06004202   13
1   01314069   14
1   06004214   15
1   01249833   16
1   06004006   17
1   05983576   18
1   06135804   19
1   05983582   20
1   05983583   21
1   06229338   22
1   05980963   23
1   01249873   24
1   01314050   25
1   01315461   26
1   05983590   27
1   05983629   28
1   01180205   29
1   05983585   30
1   05983580   31
1   06229345   32
1   05983563   33
1   01180204   34
1   01322231   35
1   01315295   36
1   06040475   37
1   01314056   38
1   06004213   39
1   00642068   40
1   05983562   41
1   06004211   42
1   05960161   43
1   06004279   44
1   06189758   45
1   05983620   46
1   05983617   47
1   01283005   48
1   06004277   49
1   00938264   50
1   01283003   51
1   01314046   52
1   01171267   53
1   05983560   54
1   06229317   55
1   05983622   56
1   05983567   57
1   01315462   58
1   05983566   59
1   00757402   60
1   00938251   61
1   01171063   62
1   01314062   63
1   01468785   64
1   01314071   65
1   05983578   66
1   01283007   67
1   01315456   68
1   01322220   69
1   00938270   70
1   01283008   71
1   01322217   72
1   01314064   73
1   01315455   74
1   01314049   75
1   06189760   76
1   01314047   77
1   01314041   78
1   01283009   79
1   01315341   80
1   01315449   81
1   01315343   82
1   01315293   83
1   01441474   84
1   00938252   85
1   01315451   86
1   01322236   87
1   01315299   88
1   01171264   89
1   01315454   90
1   01441472   91
1   01322243   92
1   01322238   93
1   01315289   94
1   00938266   95
1   06229318   96
1   01314051   97
1   06189759   98
1   01322225   99
1   01314053   100
2   00613518   1
2   01030883   2
2   00613528   3
2   00656234   4
2   06263106   5
2   06262975   6
2   00613527   7
2   01491205   8
2   00613520   9
2   00613516   10
2   06263062   11
2   00088169   12
2   00607619   13
2   01059063   14
2   00873743   15
2   01030882   16
2   00613530   17
2   00873484   18
2   06263149   19
2   06262982   20
2   06263122   21
2   00656235   22
2   06262972   23
2   00597319   24
2   00873710   25
2   00656233   26
2   01210916   27
2   00613523   28
2   06263118   29
2   06263109   30
2   00873667   31
2   00873723   32
2   00597326   33
2   00654354   34
2   00860686   35
2   00603447   36
2   00836879   37
2   00654355   38
2   06263060   39
2   06262977   40
2   06263120   41
2   01059038   42
2   00860687   43
2   00603460   44
2   00603457   45
2   00656360   46
2   01181555   47
2   01030884   48
2   06263061   49
2   06262591   50
2   00654356   51
2   01059060   52
2   01030880   53
2   01181554   54
2   00656240   55
2   01210917   56
2   06262543   57
2   06263063   58
2   06263107   59
2   00603420   60
2   01181563   61
2   00658338   62
2   00699164   63
2   00088165   64
2   00594392   65
2   06263064   66
2   06263151   67
2   00874111   68
2   00603452   69
2   00603423   70
2   00603456   71
2   00603441   72
2   06263153   73
2   01030889   74
2   00699161   75
2   00617674   76
2   00603448   77
2   06263104   78
2   00658337   79
2   00836918   80
2   00603436   81
2   00873703   82
2   00603446   83
2   01030881   84
2   06263108   85
2   00603425   86
2   01059059   87
2   00874110   88
2   01520999   89
2   00603469   90
2   05847471   91
2   00603439   92
2   00654357   93
2   00603426   94
2   01096348   95
2   00603430   96
2   01096349   97
2   00603437   98
2   00597341   99
2   01210915   100
3   08970816   1
3   06278943   2
3   06278935   3
3   06098902   4
3   06098908   5
3   06098910   6
3   06220750   7
3   06220835   8
3   06098906   9
3   06098900   10
3   08970818   11
3   06189764   12
3   08970517   13
3   06278939   14
3   06278933   15
3   06098904   16
3   01013805   17
3   05909042   18
3   06098912   19
3   08971039   20
3   01216153   21
3   05913677   22
3   06101674   23
3   06101664   24
3   06278957   25
3   05909054   26
3   00111956   27
3   00100964   28
3   08970817   29
3   06220831   30
3   08963269   31
3   06220840   32
3   01236671   33
3   08946787   34
3   06221114   35
3   05909461   36
3   08945671   37
3   00105635   38
3   08945620   39
3   00115694   40
3   06103096   41
3   08967819   42
3   06221116   43
3   06220836   44
3   08967206   45
3   06121121   46
3   08967848   47
3   06220829   48
3   01396210   49
3   06220830   50
3   00100983   51
3   00114432   52
3   08971038   53
3   05909451   54
3   00114364   55
3   01013803   56
3   06220839   57
3   00620089   58
3   08973265   59
3   06220752   60
3   06103097   61
3   00080418   62
3   06221113   63
3   05909407   64
3   06101672   65
3   06058783   66
3   05909469   67
3   06220833   68
3   06220834   69
3   01396205   70
3   06101669   71
3   05909093   72
3   05909420   73
3   06221115   74
3   06221111   75
3   05909400   76
3   00111957   77
3   06058779   78
3   05909417   79
3   00115691   80
3   05909037   81
3   01013955   82
3   06220841   83
3   01216151   84
3   05909445   85
3   00011307   86
3   01396203   87
3   01208441   88
3   05909080   89
3   05909473   90
3   05909061   91
3   06220832   92
3   05909063   93
3   05909105   94
3   05909102   95
3   05909453   96
3   00114363   97
3   05909097   98
3   05909410   99
3   06220751   100
4   06278943   1
4   06273510   2
4   06098908   3
4   06098902   4
4   06278933   5
4   06147074   6
4   06147070   7
4   06147048   8
4   08965851   9
4   06147078   10
4   05981032   11
4   06273538   12
4   06273473   13
4   06033393   14
4   06147075   15
4   06098900   16
4   06098906   17
4   06098904   18
4   08967331   19
4   06273477   20
4   06022669   21
4   06033326   22
4   05853971   23
4   06273518   24
4   06022679   25
4   06273466   26
4   06273471   27
4   05853941   28
4   08969459   29
4   06033387   30
4   06273474   31
4   05853975   32
4   06278939   33
4   06273467   34
4   06147054   35
4   06033281   36
4   08969527   37
4   05853985   38
4   06033400   39
4   06187501   40
4   06273475   41
4   06273469   42
4   05853968   43
4   06278957   44
4   08963263   45
4   06147058   46
4   06033438   47
4   01206992   48
4   05986429   49
4   06098912   50
4   05853983   51
4   08969470   52
4   08965804   53
4   06187512   54
4   06022673   55
4   06033433   56
4   00121142   57
4   06278935   58
4   06177984   59
4   06263198   60
4   08967895   61
4   06022675   62
4   06187538   63
4   06096504   64
4   08964792   65
4   06098910   66
4   08967894   67
4   08971476   68
4   05981303   69
4   01252355   70
4   06187868   71
4   05913677   72
4   05981335   73
4   08971473   74
4   06022674   75
4   06022894   76
4   05981036   77
4   08971470   78
4   01248405   79
4   08971477   80
4   00708574   81
4   08971475   82
4   06022684   83
4   08971474   84
4   06022681   85
4   01248407   86
4   01206988   87
4   06022683   88
4   06022671   89
4   01156206   90
4   06187877   91
4   01206986   92
4   00708572   93
4   06033012   94
4   06022676   95
4   06022677   96
4   01156208   97
4   01206987   98
4   06022680   99
4   00709069   100
5   08965736   1
5   01225468   2
5   01225491   3
5   01248407   4
5   06189940   5
5   06273304   6
5   01248405   7
5   06189928   8
5   01252355   9
5   06273300   10
5   08972379   11
5   06204027   12
5   06189951   13
5   06273305   14
5   06189946   15
5   06203713   16
5   01256452   17
5   01225488   18
5   06189945   19
5   06189942   20
5   01256379   21
5   06203716   22
5   00067874   23
5   01225441   24
5   00095432   25
5   06272935   26
5   06189950   27
5   05976381   28
5   06189941   29
5   01256380   30
5   01256429   31
5   06204016   32
5   06204107   33
5   01279060   34
5   06204018   35
5   01414260   36
5   01225490   37
5   00067875   38
5   01255513   39
5   06204020   40
5   01225461   41
5   00630159   42
5   01016521   43
5   01207170   44
5   01207166   45
5   00692986   46
5   06203714   47
5   00070937   48
5   01414264   49
5   06204022   50
5   06273299   51
5   01147775   52
5   01225459   53
5   01015878   54
5   00925765   55
5   06204014   56
5   06204031   57
5   01147722   58
5   06203712   59
5   06273296   60
5   01016557   61
5   01016516   62
5   00794600   63
5   00933216   64
5   01016517   65
5   01025335   66
5   00103586   67
5   01225460   68
5   06273298   69
5   00701425   70
5   00666961   71
5   00803942   72
5   00769460   73
5   00701423   74
5   00794607   75
5   00701404   76
5   05998103   77
5   01016520   78
5   01147667   79
5   01016556   80
5   01085889   81
5   01025338   82
5   06204028   83
5   00140212   84
5   01207169   85
5   01135949   86
5   00129993   87
5   06203718   88
5   00794602   89
5   01414265   90
5   06204109   91
5   05998102   92
5   01135963   93
5   00795279   94
5   00701403   95
5   00801353   96
5   00933214   97
5   00715668   98
5   01085883   99
5   01225458   100
6   05983585   1
6   05983558   2
6   05983590   3
6   06256968   4
6   06257037   5
6   06292802   6
6   05983576   7
6   06256974   8
6   05983582   9
6   06133842   10
6   05983561   11
6   06256969   12
6   05983578   13
6   01281302   14
6   05983559   15
6   01343808   16
6   05983564   17
6   01012490   18
6   01012491   19
6   06257045   20
6   05983583   21
6   06256970   22
6   00610497   23
6   05983587   24
6   01343894   25
6   05983579   26
6   01281476   27
6   06292801   28
6   06293057   29
6   06292808   30
6   06293073   31
6   06293070   32
6   06293076   33
6   01281301   34
6   06293054   35
7   08967942   1
7   06209649   2
7   06209634   3
7   01173586   4
7   06209643   5
7   06209639   6
7   06209644   7
7   06209642   8
7   06209646   9
7   01364964   10
7   06238582   11
7   06209669   12
7   06209637   13
7   01033525   14
7   06209638   15
7   06238584   16
7   06209648   17
7   06209632   18
7   06209651   19
7   00995745   20
7   06209633   21
7   06209641   22
7   06241420   23
7   01019968   24
7   06209636   25
7   06209645   26
7   01363498   27
7   01364966   28
7   01364243   29
7   06238580   30
7   06209647   31
7   00995747   32
7   06241334   33
7   06017969   34
7   00943044   35
7   06039401   36
7   05998474   37
7   00995744   38
7   01363458   39
7   06238583   40
7   01173584   41
7   00727529   42
7   00727527   43
7   06241427   44
7   01017998   45
7   01205150   46
7   06039386   47
7   00995746   48
7   06209656   49
7   06039391   50
7   06241464   51
7   00664425   52
7   06241429   53
7   01184368   54
7   00120333   55
7   01363462   56
7   00727532   57
7   01018015   58
7   06241437   59
7   01363461   60
7   06241496   61
7   01205312   62
7   01205266   63
7   01364941   64
7   01364943   65
7   01184203   66
7   06241419   67
7   06209667   68
7   00628030   69
7   01363454   70
7   06241333   71
7   00794449   72
7   00664423   73
7   05998516   74
7   01363457   75
7   00664426   76
7   06241426   77
7   01205148   78
7   06241330   79
7   06241423   80
7   01001839   81
7   06241352   82
7   06241324   83
7   00628029   84
7   06241320   85
7   06299287   86
7   01205140   87
7   00127749   88
7   00843786   89
7   01205144   90
7   00120335   91
7   01205142   92
7   00794431   93
7   01001838   94
7   01205145   95
7   01205147   96
7   00120243   97
7   00689024   98
7   01205306   99
7   00794450   100
8   08974422   1
8   06208799   2
8   08971310   3
8   00944405   4
8   06209286   5
8   00115581   6
8   00115582   7
8   06208767   8
8   08966344   9
8   08970857   10
8   08974423   11
8   00944361   12
8   08970265   13
8   01330493   14
8   08965337   15
8   00944404   16
8   01060743   17
8   06208779   18
8   08974415   19
8   08964765   20
8   08974518   21
8   01060744   22
8   08974520   23
8   00145014   24
8   08974418   25
8   00729242   26
8   00142890   27
8   06209251   28
8   00944359   29
8   08974467   30
8   08974413   31
8   01060745   32
8   08969168   33
8   00729241   34
8   06208763   35
8   00135289   36
8   00099888   37
8   06208757   38
8   00944364   39
8   08974523   40
8   08974416   41
8   00014895   42
8   08968034   43
8   06208793   44
8   00014898   45
8   06209249   46
8   00115580   47
8   08974420   48
8   08974421   49
8   00115579   50
8   08974522   51
8   06209290   52
8   00149433   53
8   00690514   54
8   00149432   55
8   06208759   56
8   08974417   57
8   00944408   58
8   08946371   59
8   06209264   60
8   00142903   61
8   00142916   62
8   08974414   63
8   01060742   64
8   00944365   65
8   01134547   66
8   00944406   67
8   01164058   68
8   08968095   69
8   00014888   70
8   00944409   71
8   00142881   72
8   01060741   73
8   08970859   74
8   00014897   75
8   01134647   76
8   01164063   77
8   06209256   78
8   06209284   79
8   00729240   80
8   01134550   81
8   00141056   82
8   08974519   83
8   00142879   84
8   00691041   85
8   08974521   86
8   00099889   87
8   08969167   88
8   01134549   89
8   08971714   90
8   01164065   91
8   08974470   92
8   08967592   93
8   00944360   94
8   00944363   95
8   01134828   96
8   00944407   97
8   01164057   98
8   01164061   99
8   01134548   100
9   06202956   1
9   06002189   2
9   06202938   3
9   06002210   4
9   06002185   5
9   06002195   6
9   06002201   7
9   06002205   8
9   06002203   9
9   06002207   10
9   06202925   11
9   06002208   12
9   06202942   13
9   01328557   14
9   06202991   15
9   01229028   16
9   01025986   17
9   06203019   18
9   06002190   19
9   06002214   20
9   05856459   21
9   06002206   22
9   06202918   23
9   05856464   24
9   01246160   25
9   05997966   26
9   01246154   27
9   06202930   28
9   00658540   29
9   06002199   30
9   05856467   31
9   06203028   32
9   06203000   33
9   01338648   34
9   05852033   35
9   06102159   36
9   01328560   37
9   06203058   38
9   05856456   39
9   06002194   40
9   05852048   41
9   06203009   42
9   05856462   43
9   01343933   44
9   06102893   45
9   06026728   46
9   00148707   47
9   05856461   48
9   01328578   49
9   05833224   50
9   00146394   51
9   06203070   52
9   05833225   53
9   01074819   54
9   05852031   55
9   01025985   56
9   06203033   57
9   05857171   58
9   05856454   59
9   01074784   60
9   05852037   61
9   05852041   62
9   01074782   63
9   06203004   64
9   06142286   65
9   00151407   66
9   06102986   67
9   01074783   68
9   00854557   69
9   06203014   70
9   06070278   71
9   06026972   72
9   06102156   73
9   06026936   74
9   01343964   75
9   06202934   76
9   06142288   77
9   05879165   78
9   01411473   79
9   00148953   80
9   06203055   81
9   05852051   82
9   06104006   83
9   06027341   84
9   05856658   85
9   05852025   86
9   06102686   87
9   06004254   88
9   06026946   89
9   01074785   90
9   05857158   91
9   00854555   92
9   06103889   93
9   00854560   94
9   00148954   95
9   06078661   96
9   06026965   97
9   06026769   98
9   05857214   99
9   01074818   100
10   05998468   1
10   06152767   2
10   00673772   3
10   05821590   4
10   06152783   5
10   01359964   6
10   06152781   7
10   05821701   8
10   06152144   9
10   06152785   10
10   06039578   11
10   01442631   12
10   00673761   13
10   01398972   14
10   06152764   15
10   01442528   16
10   01359958   17
10   06152145   18
10   06152149   19
10   00673766   20
10   00673771   21
10   01442527   22
10   00673035   23
10   01442523   24
10   06152780   25
10   06152787   26
10   01359961   27
10   05821703   28
10   00672941   29
10   06152786   30
10   00673765   31
10   05998448   32
10   00673763   33
10   06039579   34
10   06152765   35
11   00108561   1
11   00119617   2
11   00107832   3
11   00117960   4
11   00115069   5
11   00107833   6
11   00114469   7
11   00115316   8
11   00117317   9
11   00114919   10
11   00115289   11
11   00114355   12
11   00106338   13
11   00781674   14
11   00118430   15
11   00118674   16
11   00119601   17
11   00114917   18
11   08946407   19
11   00114451   20
11   00823565   21
11   00104354   22
11   01401582   23
11   00726306   24
11   00113756   25
11   00119698   26
11   00117313   27
11   00079396   28
11   00854746   29
11   00081028   30
11   00009945   31
11   00114416   32
11   00854745   33
11   00115265   34
11   00082710   35
11   01401623   36
11   00118540   37
11   00113303   38
11   00114912   39
11   00119449   40
11   00115257   41
11   00115272   42
11   00104433   43
11   00083044   44
11   00082318   45
11   00119586   46
11   00092058   47
11   00114245   48
11   00781669   49
11   00114075   50
11   00104449   51
11   00083048   52
11   00081813   53
11   00119308   54
11   00119718   55
11   00781592   56
11   00115322   57
11   00115256   58
11   00079399   59
11   00854747   60
11   00117242   61
11   00083184   62
11   00079689   63
11   00101032   64
11   00120091   65
11   08968019   66
11   08967915   67
11   00128659   68
11   00082958   69
11   01401500   70
11   00116600   71
11   00114607   72
11   00081004   73
11   00118509   74
11   00079356   75
11   01401502   76
11   00082707   77
11   08963048   78
11   00119016   79
11   00124414   80
11   00119575   81
11   00079116   82
11   00078871   83
11   00080780   84
11   00080788   85
11   00119610   86
11   00117699   87
11   00660767   88
11   00119608   89
11   00081019   90
11   00082712   91
11   00118453   92
11   00118479   93
11   00113914   94
11   00115082   95
11   00114905   96
11   00118496   97
11   00117823   98
11   00105261   99
11   00112418   100
12   00084943   1
12   00134798   2
12   00058783   3
12   00134693   4
12   00085051   5
12   00141417   6
12   00063488   7
12   00075916   8
12   00085275   9
12   00141399   10
12   00141687   11
12   00058459   12
12   00014206   13
12   00069306   14
12   00085665   15
12   00134710   16
12   00065724   17
12   00141415   18
12   00107722   19
12   00134679   20
12   00011051   21
12   00011060   22
12   00058540   23
12   00058793   24
12   00086194   25
12   00112423   26
12   00072067   27
12   00085577   28
12   00143001   29
12   00122789   30
12   00014919   31
12   00061739   32
12   00058576   33
12   00122630   34
12   00065773   35
12   00134688   36
12   00010044   37
12   00058614   38
12   00065156   39
12   00121931   40
12   00014945   41
12   00058690   42
12   00069307   43
12   00075504   44
12   00013847   45
12   00141546   46
12   00008708   47
12   00058589   48
12   00069157   49
12   00077107   50
12   00120758   51
12   00058451   52
12   00085452   53
12   00085599   54
12   00075922   55
12   00058638   56
12   00008678   57
12   00069127   58
12   00069121   59
12   00141118   60
12   00058564   61
12   00077093   62
12   00058778   63
12   00073098   64
12   00102833   65
12   00085575   66
12   00084726   67
12   00058758   68
12   00141576   69
12   00069130   70
12   00078421   71
12   00085382   72
12   00122917   73
12   00073079   74
12   00112397   75
12   00075907   76
12   00075975   77
12   00065092   78
12   00008713   79
12   00058626   80
12   00058623   81
12   00065621   82
12   00065041   83
12   00082991   84
12   00058745   85
12   00085612   86
12   00075220   87
12   00058653   88
12   00065718   89
12   00061636   90
12   00058979   91
12   00078444   92
12   00069119   93
12   00058395   94
12   00061275   95
12   00058697   96
12   00065161   97
12   00008279   98
12   00069160   99
12   00061736   100
13   08974454   1
13   08974272   2
13   08974143   3
13   08969489   4
13   08972329   5
13   08946849   6
13   08965970   7
13   08974270   8
13   08974142   9
13   08974263   10
13   08946846   11
13   08974145   12
13   08974254   13
13   08974144   14
13   08967535   15
13   08974140   16
13   08970314   17
13   08965560   18
13   08965507   19
13   08974273   20
13   08974269   21
13   08972025   22
13   08965931   23
13   08969668   24
13   01132326   25
13   08974253   26
13   08974259   27
13   01132325   28
13   08974268   29
13   08974455   30
13   00070766   31
13   08974255   32
13   08969640   33
13   08974146   34
13   00113857   35
13   01132322   36
13   08967033   37
13   08969574   38
13   01132327   39
13   08966907   40
13   00067969   41
13   08974137   42
13   08966917   43
13   08974275   44
13   01132324   45
13   08965535   46
13   08969619   47
13   00070760   48
13   08965519   49
13   08970197   50
13   08967004   51
13   08972026   52
13   08965429   53
13   08974243   54
13   08973586   55
13   08972071   56
13   08974247   57
13   00067970   58
13   08967533   59
13   08965547   60
13   08972332   61
13   08974266   62
13   08965513   63
13   08971626   64
13   08974252   65
13   08963337   66
13   08969617   67
13   01132329   68
13   08974242   69
13   08970179   70
13   08966978   71
13   08964953   72
13   08967970   73
13   08965442   74
13   08968038   75
13   08969634   76
13   08973797   77
13   08973562   78
13   08970316   79
13   08967930   80
13   08973880   81
13   08965045   82
13   08974074   83
13   08972411   84
13   08969709   85
13   08970199   86
13   08972415   87
13   08965980   88
13   08965520   89
13   08969065   90
13   08973749   91
13   08966040   92
13   08970225   93
13   08969566   94
13   08966440   95
13   08974136   96
13   08946589   97
13   08969616   98
13   08974138   99
13   08965495   100
14   08969735   1
14   08969782   2
14   08969212   3
14   08970394   4
14   08968078   5
14   08969723   6
14   08969277   7
14   08966574   8
14   08970573   9
14   08969271   10
14   08969725   11
14   08970365   12
14   08969337   13
14   08962866   14
14   08969335   15
14   08969279   16
14   08966577   17
14   08971098   18
14   08969269   19
14   08969726   20
14   08970367   21
14   08970409   22
14   08970417   23
14   08967634   24
14   08969275   25
14   08970938   26
14   08966557   27
14   08969272   28
14   08969730   29
14   08970403   30
14   08970414   31
14   08969256   32
14   08970431   33
14   08969303   34
14   00979535   35
14   08970410   36
14   08969229   37
14   08969733   38
14   08966642   39
14   08970440   40
14   08970433   41
14   08969728   42
14   08970471   43
14   08969301   44
14   08966595   45
14   08970407   46
14   08969731   47
14   08968204   48
14   08970396   49
14   08970476   50
14   08970429   51
14   08970391   52
14   08967638   53
14   08967824   54
14   08970443   55
14   08970582   56
14   08970405   57
14   00702601   58
14   08969285   59
14   08967341   60
14   08969268   61
14   08970957   62
14   08970955   63
14   08970436   64
14   08966555   65
14   08966556   66
14   00980263   67
14   08970358   68
14   08969791   69
14   08945846   70
14   08970363   71
14   08969238   72
14   08967688   73
14   08969809   74
14   08969793   75
14   08969298   76
14   08969247   77
14   08969287   78
14   08969250   79
14   08970402   80
14   08970580   81
14   08967502   82
14   08969737   83
14   08966637   84
14   08969332   85
14   08970425   86
14   08969797   87
14   08965708   88
14   08969795   89
14   08969249   90
14   08969218   91
14   08970936   92
14   08970400   93
14   08969254   94
14   08969217   95
14   08966576   96
14   08969245   97
14   08967691   98
14   08963222   99
14   01290061   100
15   00141150   1
15   00979568   2
15   00980264   3
15   08969497   4
15   01126038   5
15   06178521   6
15   01252832   7
15   05858271   8
15   00698012   9
15   00980274   10
15   06178529   11
15   00980023   12
15   00980268   13
15   00980250   14
15   00008856   15
15   06178522   16
15   00144252   17
15   00008860   18
15   00623946   19
15   00071171   20
15   00122510   21
15   00980005   22
15   01123209   23
15   01028834   24
15   00081649   25
15   01250570   26
15   00008771   27
15   00150523   28
15   01193005   29
15   00008855   30
15   01125184   31
15   00980271   32
15   05858200   33
15   00643061   34
15   05858281   35
15   01254279   36
15   00008858   37
15   00995449   38
15   01225210   39
15   00147756   40
15   00081651   41
15   00130771   42
15   01254068   43
15   00059812   44
15   01252888   45
15   00643045   46
15   00101268   47
15   00918017   48
15   00698007   49
15   08967708   50
15   01253898   51
15   01158918   52
15   00130767   53
15   00914644   54
15   00698004   55
15   00645288   56
15   00776134   57
15   00918047   58
15   00980243   59
15   00950748   60
15   01249946   61
15   01123207   62
15   01254130   63
15   06178527   64
15   00912945   65
15   00980246   66
15   00632126   67
15   01012766   68
15   00776135   69
15   00144698   70
15   01012765   71
15   01032566   72
15   01125183   73
15   01254136   74
15   01250798   75
15   01253108   76
15   00645097   77
15   01125136   78
15   00645992   79
15   00912943   80
15   01125134   81
15   00632127   82
15   01252911   83
15   01033583   84
15   00698013   85
15   00918020   86
15   00151216   87
15   00912544   88
15   00593972   89
15   00632180   90
15   00129401   91
15   01254276   92
15   00912724   93
15   01254760   94
15   01252020   95
15   01152084   96
15   00093074   97
15   01254132   98
15   00074498   99
15   00646989   100
16   01426274   1
16   08967157   2
16   08965947   3
16   08966173   4
16   08945809   5
16   08968175   6
16   08967149   7
16   08971047   8
16   08970909   9
16   08969820   10
16   08967148   11
16   08967605   12
16   08967589   13
16   08965369   14
16   08969747   15
16   08967153   16
16   08974540   17
16   08966634   18
16   08966631   19
16   08966179   20
16   08971130   21
16   08966156   22
16   08967396   23
16   08969752   24
16   08967138   25
16   08968178   26
16   08946419   27
16   08969762   28
16   08967058   29
16   08963206   30
16   08966174   31
16   08969750   32
16   01262014   33
16   08967146   34
16   08974537   35
16   08966660   36
16   08967151   37
16   08968187   38
16   08966653   39
16   08963281   40
16   08946865   41
16   08946303   42
16   08966184   43
16   08946034   44
16   08972057   45
16   08967143   46
16   08969823   47
16   08974541   48
16   08945985   49
16   08974538   50
16   00140750   51
16   08963208   52
16   08969646   53
16   08965230   54
16   08970105   55
16   08974536   56
16   08945869   57
16   08974539   58
16   08970460   59
16   08963283   60
16   08966180   61
16   08946298   62
16   08970755   63
16   08964838   64
16   08971142   65
16   08972058   66
16   08967603   67
16   08965952   68
16   08946600   69
16   08964839   70
16   08946362   71
16   08964851   72
16   08963209   73
16   08966030   74
16   08968176   75
16   08963280   76
16   08969818   77
16   08963210   78
16   08946506   79
16   08969749   80
16   08964824   81
16   08966651   82
16   08965321   83
16   08945976   84
16   00905895   85
16   08966146   86
16   08946870   87
16   08964832   88
16   00667550   89
16   08965051   90
16   08964826   91
16   08964836   92
16   08946918   93
16   08964825   94
16   08947006   95
16   08964834   96
16   08964837   97
16   08963203   98
16   08964829   99
16   08963202   100
17   01244068   1
17   06240399   2
17   01244109   3
17   01244055   4
17   06240408   5
17   06240422   6
17   06238250   7
17   06240846   8
17   06282625   9
17   01244091   10
17   05980724   11
17   06240351   12
17   01244172   13
17   00910165   14
17   06240383   15
17   06240378   16
17   06240536   17
17   01244070   18
17   06238252   19
17   06238249   20
17   06240255   21
17   01244069   22
17   06240350   23
17   01068210   24
17   06238248   25
17   06288875   26
17   06238344   27
17   06222275   28
17   06222274   29
17   06240534   30
17   01068221   31
17   01237513   32
17   06238346   33
17   06240380   34
17   01237514   35
17   06222300   36
17   06238253   37
17   06294524   38
17   06240410   39
17   06238237   40
17   06240243   41
17   06238254   42
17   06240276   43
17   01068212   44
17   06282499   45
17   01237530   46
17   06240315   47
17   01237515   48
17   01281638   49
17   06238228   50
17   06222294   51
17   06240286   52
17   06282670   53
17   06238229   54
17   06024768   55
17   01136890   56
17   06282543   57
17   01281571   58
17   06240247   59
17   05980723   60
17   06222297   61
17   06222295   62
17   01281604   63
17   06294590   64
17   01184507   65
17   01244248   66
17   01027239   67
17   06289013   68
17   06222281   69
17   01281564   70
17   06238240   71
17   01027276   72
17   01244169   73
17   00744283   74
17   01283439   75
17   01281560   76
17   00910117   77
17   01068179   78
17   00744320   79
17   00910130   80
17   00907048   81
17   00910232   82
17   01186009   83
17   00910094   84
17   01281619   85
17   00744313   86
17   00910247   87
17   00744484   88
17   01187256   89
17   01281558   90
17   01281632   91
17   01281567   92
17   00910124   93
17   01281642   94
17   01137074   95
17   00744527   96
17   00910234   97
17   01244053   98
17   00744483   99
17   00907047   100
18   00951023   1
18   01296375   2
18   00951022   3
18   01295003   4
18   00110268   5
18   00110280   6
18   00110282   7
18   00110245   8
18   08946978   9
18   01296378   10
18   00823912   11
18   01296409   12
18   00065540   13
18   01296486   14
18   00110273   15
18   01294635   16
18   01296361   17
18   00110278   18
18   08963211   19
18   01296357   20
18   01296414   21
18   01296359   22
18   00951131   23
18   01296496   24
18   00683158   25
18   01294639   26
18   01296423   27
18   01296351   28
18   01294641   29
18   01296428   30
18   00616345   31
18   01296395   32
18   01200488   33
18   00110253   34
18   01296394   35
18   01296483   36
18   01296448   37
18   01296475   38
18   01296418   39
18   01295955   40
18   01295957   41
18   01296420   42
18   00063674   43
18   01294649   44
18   01296370   45
18   00065532   46
18   01296399   47
18   00066933   48
18   01296505   49
18   01296419   50
18   01294644   51
18   00110286   52
18   01296426   53
18   00110258   54
18   01296362   55
18   00609222   56
18   01296401   57
18   01296381   58
18   00110919   59
18   01296352   60
18   01296489   61
18   01296492   62
18   01295954   63
18   01296404   64
18   01296405   65
18   00951106   66
18   01296350   67
18   00951103   68
18   00771418   69
18   01294653   70
18   01296500   71
18   00823094   72
18   00064970   73
18   00110252   74
18   01296480   75
18   00110256   76
18   01296372   77
18   01296507   78
18   08969965   79
18   01294636   80
18   00065933   81
18   01410428   82
18   01296455   83
18   01296391   84
18   01294648   85
18   00910525   86
18   00110265   87
18   01415140   88
18   01206914   89
18   01260559   90
18   01415300   91
18   01296472   92
18   01364294   93
18   00681883   94
18   00063449   95
18   00063405   96
18   00066907   97
18   01027334   98
18   00064954   99
18   00064955   100
19   01311013   1
19   00946612   2
19   00594704   3
19   01151949   4
19   01311014   5
19   01333885   6
19   01151948   7
19   01311006   8
19   00594706   9
19   01350515   10
19   01310982   11
19   01311005   12
19   00961871   13
19   01184193   14
19   00961866   15
19   05845908   16
19   01088388   17
19   05845910   18
19   05846006   19
19   01310972   20
19   01311016   21
19   00946613   22
19   01176906   23
19   01184191   24
19   05845906   25
19   05846012   26
19   05846009   27
19   00650478   28
19   00594705   29
19   01377267   30
19   01310981   31
19   00946616   32
19   01311370   33
19   00650474   34
19   05845909   35
19   05846015   36
19   05846010   37
19   01377266   38
19   05845903   39
19   01311010   40
19   05949102   41
19   05964789   42
19   00649080   43
19   05846013   44
19   05845905   45
19   05845911   46
19   00946627   47
19   05845904   48
19   05964786   49
19   06141428   50
19   05846011   51
19   00760704   52
19   00664944   53
19   01184188   54
19   01184184   55
19   05846014   56
19   05845907   57
19   05845914   58
19   06141432   59
19   01151946   60
19   01184189   61
19   01184194   62
19   05846007   63
19   01184186   64
19   05845912   65
19   00727721   66
19   00816993   67
19   00760669   68
19   01184192   69
19   01371600   70
19   00650499   71
19   00649076   72
19   00650476   73
19   00650502   74
19   00925656   75
19   01151950   76
19   00650497   77
19   00649077   78
19   00651139   79
19   00732126   80
19   00760670   81
19   00732124   82
19   00650472   83
19   00678798   84
19   00650477   85
19   00760672   86
19   00664937   87
19   00732125   88
19   00678796   89
19   00659473   90
19   00650495   91
19   00675580   92
19   00659470   93
19   00650480   94
19   00760703   95
19   00650494   96
19   00649078   97
19   00650473   98
19   00722940   99
19   00650479   100
20   08966363   1
20   06189756   2
20   00097548   3
20   00097543   4
20   08969456   5
20   06040876   6
20   00103577   7
20   06149084   8
20   08967826   9
20   08963293   10
20   06238295   11
20   06238265   12
20   06189749   13
20   06041131   14
20   01216164   15
20   01255297   16
20   06041056   17
20   01214634   18
20   01206531   19
20   08966787   20
20   06238306   21
20   06040888   22
20   06238273   23
20   06238276   24
20   06238275   25
20   06238315   26
20   06238280   27
20   06149549   28
20   06024007   29
20   06149075   30
20   06238290   31
20   06149032   32
20   06149028   33
20   06238314   34
20   06024001   35
20   06238291   36
20   06300787   37
20   06023977   38
20   06041055   39
20   00756585   40
20   01255274   41
20   06040877   42
20   06238262   43
20   06040875   44
20   06149592   45
20   06040878   46
20   06040971   47
20   06189755   48
20   01384761   49
20   06041043   50
20   06149049   51
20   01255271   52
20   06300771   53
20   06149558   54
20   06238270   55
20   06149041   56
20   06023946   57
20   01384764   58
20   06238292   59
20   06041045   60
20   06149579   61
20   06149585   62
20   06238268   63
20   01255294   64
20   01255275   65
20   06149555   66
20   06301148   67
20   06189757   68
20   06040972   69
20   01206535   70
20   06149299   71
20   01002121   72
20   01216229   73
20   01214625   74
20   06238313   75
20   06040831   76
20   01260620   77
20   06149573   78
20   06040887   79
20   00756829   80
20   06238267   81
20   01225531   82
20   01255292   83
20   06238277   84
20   08945821   85
20   01002115   86
20   01216162   87
20   06023979   88
20   08964856   89
20   06238263   90
20   06023992   91
20   08966319   92
20   06041054   93
20   01255273   94
20   06149045   95
20   06238266   96
20   06301133   97
20   06189747   98
20   06238293   99
20   08963292   100
21   00892743   1
21   06102514   2
21   01305510   3
21   01305511   4
21   00892583   5
21   01305072   6
21   01477791   7
21   00892885   8
21   00826679   9
21   06102250   10
21   00892764   11
21   00892884   12
21   01477792   13
21   00830676   14
21   01064394   15
21   00932251   16
21   00892644   17
21   00825392   18
21   00892543   19
21   01481111   20
21   00825390   21
21   00892505   22
21   06102520   23
21   01466228   24
21   00826783   25
21   00892663   26
21   00825432   27
21   00893224   28
21   00892825   29
21   06209411   30
21   00826837   31
21   00825438   32
21   01045683   33
21   01305073   34
21   00893247   35
21   00825439   36
21   00826780   37
21   00826759   38
21   00892544   39
21   00892744   40
21   01219193   41
21   00826840   42
21   01382787   43
21   00892603   44
21   00981553   45
21   00826754   46
21   00826785   47
21   01063379   48
21   00826833   49
21   00826146   50
21   00826857   51
21   00893265   52
21   01477829   53
21   06102517   54
21   00827019   55
21   00826973   56
21   01069580   57
21   00826742   58
21   00830671   59
21   00826665   60
21   00893263   61
21   00830673   62
21   00826676   63
21   01045548   64
21   00827095   65
21   01045559   66
21   01477823   67
21   00830670   68
21   00933025   69
21   00977909   70
21   00826787   71
21   00825391   72
21   01069619   73
21   00826746   74
21   00826790   75
21   00825435   76
21   00827052   77
21   00826012   78
21   00826922   79
21   00830677   80
21   00826775   81
21   01069582   82
21   00830674   83
21   01063358   84
21   00977125   85
21   00893204   86
21   00935676   87
21   00826682   88
21   01386723   89
21   00915723   90
21   00977145   91
21   01464764   92
21   01275066   93
21   00826804   94
21   00827002   95
21   00826811   96
21   01219194   97
21   00826802   98
21   01069846   99
21   00892826   100
22   01316168   1
22   00101863   2
22   01034337   3
22   05997926   4
22   01316153   5
22   06280849   6
22   06280839   7
22   06279418   8
22   01316177   9
22   01316108   10
22   00091738   11
22   06279435   12
22   05982411   13
22   06112988   14
22   06280848   15
22   01357567   16
22   06279434   17
22   00130073   18
22   01316094   19
22   06279281   20
22   00091735   21
22   06279479   22
22   06102716   23
22   05982543   24
22   06279184   25
22   05872241   26
22   06279339   27
22   05879261   28
22   06279485   29
22   06279476   30
22   00071453   31
22   06280843   32
22   05879289   33
22   00134216   34
22   06279420   35
22   00070608   36
22   06104096   37
22   06102676   38
22   06279477   39
22   06279365   40
22   01357589   41
22   05982420   42
22   05872228   43
22   06103488   44
22   00001439   45
22   05872248   46
22   05982418   47
22   05879054   48
22   00010726   49
22   05997929   50
22   05997928   51
22   00102669   52
22   05872716   53
22   01466939   54
22   00102674   55
22   01207087   56
22   05982417   57
22   00085117   58
22   01143350   59
22   06103220   60
22   05982427   61
22   00134214   62
22   05872235   63
22   06103166   64
22   05872539   65
22   05872619   66
22   01418062   67
22   05879165   68
22   05879387   69
22   05872357   70
22   00102659   71
22   00102675   72
22   06103939   73
22   01207086   74
22   05982423   75
22   06103643   76
22   00119926   77
22   06102679   78
22   05982415   79
22   00101864   80
22   05982429   81
22   05872330   82
22   05982430   83
22   06103222   84
22   05982421   85
22   05872233   86
22   06103644   87
22   00010264   88
22   05872222   89
22   05872624   90
22   05872902   91
22   05982414   92
22   05873073   93
22   00010265   94
22   06103165   95
22   05872243   96
22   05878938   97
22   05879007   98
22   06142484   99
22   06142488   100
23   00620346   1
23   00012609   2
23   00109572   3
23   00070548   4
23   00109582   5
23   00109290   6
23   00929452   7
23   00825072   8
23   00927963   9
23   00102896   10
23   00620373   11
23   00102897   12
23   00932112   13
23   00109580   14
23   00932134   15
23   00929446   16
23   00688305   17
23   06183825   18
23   00932113   19
23   00929444   20
23   00075875   21
23   00932124   22
23   00109576   23
23   00100945   24
23   00106083   25
23   00927925   26
23   01520544   27
23   00929448   28
23   06186123   29
23   00077501   30
23   01520542   31
23   00109578   32
23   01070308   33
23   01042815   34
23   00109573   35
23   00932111   36
23   00620371   37
23   00928125   38
23   00929427   39
23   00932110   40
23   00071121   41
23   00941303   42
23   00615299   43
23   00932114   44
23   00932130   45
23   00615512   46
23   00929454   47
23   06183755   48
23   00929449   49
23   00071123   50
23   00593200   51
23   00932128   52
23   00006639   53
23   00929445   54
23   00077510   55
23   00929434   56
23   00132973   57
23   00620368   58
23   01262014   59
23   00929453   60
23   00120686   61
23   00932133   62
23   00932115   63
23   00615745   64
23   00932132   65
23   00929428   66
23   00929467   67
23   00109581   68
23   00927964   69
23   00615746   70
23   00620365   71
23   01520559   72
23   00077511   73
23   06183769   74
23   00932131   75
23   00122873   76
23   01069860   77
23   00122820   78
23   00658661   79
23   00928104   80
23   00620353   81
23   00929478   82
23   00932117   83
23   00620350   84
23   01022825   85
23   00932127   86
23   00620345   87
23   00079175   88
23   00101006   89
23   00620366   90
23   00929480   91
23   00620348   92
23   00615509   93
23   00932109   94
23   00620364   95
23   00932129   96
23   01498675   97
23   00081515   98
23   00615744   99
23   00058995   100
24   01040323   1
24   08969231   2
24   06056444   3
24   08969849   4
24   00963062   5
24   08969298   6
24   08969762   7
24   08965318   8
24   08946554   9
24   08967341   10
24   00963063   11
24   08970955   12
24   06056161   13
24   00106045   14
24   08965419   15
24   08969301   16
24   00702601   17
24   08965865   18
24   08966326   19
24   08969303   20
24   06056504   21
24   08967824   22
24   06056459   23
24   00606928   24
24   08964819   25
24   08969306   26
24   08969229   27
24   00001514   28
24   08965341   29
24   00606927   30
24   08969782   31
24   06056454   32
24   00105593   33
24   08970938   34
24   08969414   35
24   06056028   36
24   00101528   37
24   00001511   38
24   08970957   39
24   06056075   40
24   00606926   41
24   08965030   42
24   08972354   43
24   00702527   44
24   08965976   45
24   06056441   46
24   08969811   47
24   06056445   48
24   00112836   49
24   08965397   50
24   06056448   51
24   06056443   52
24   08969220   53
24   06056446   54
24   08963222   55
24   08969723   56
24   08946878   57
24   06056435   58
24   08970926   59
24   06056439   60
24   08965707   61
24   08969234   62
24   00109427   63
24   08969300   64
24   06056442   65
24   08965452   66
24   08970573   67
24   08969242   68
24   06056438   69
24   06056031   70
24   08965029   71
24   08969304   72
24   06056457   73
24   08965309   74
24   08970928   75
24   08945846   76
24   06056158   77
24   08970930   78
24   08945845   79
24   06056449   80
24   08965320   81
24   08945862   82
24   06056157   83
24   08966366   84
24   08946552   85
24   08969440   86
24   00124989   87
24   01040324   88
24   08966030   89
24   00101633   90
24   00702547   91
24   08965265   92
24   00096311   93
24   08965308   94
24   00702545   95
24   08965304   96
24   08965314   97
24   00124834   98
24   08946379   99
24   08965302   100
25   08964667   1
25   01198189   2
25   01272724   3
25   08974460   4
25   08970860   5
25   01510895   6
25   01510897   7
25   06214395   8
25   08965291   9
25   00012896   10
25   08967157   11
25   01198187   12
25   01198198   13
25   00015200   14
25   08970855   15
25   01291817   16
25   00012277   17
25   00058750   18
25   06164026   19
25   06164035   20
25   00009317   21
25   00108636   22
25   01272725   23
25   00012871   24
25   08970854   25
25   01198193   26
25   00069182   27
25   01198197   28
25   00076625   29
25   00012865   30
25   00112810   31
25   00111254   32
25   00010074   33
25   08964670   34
25   06164038   35
25   01198196   36
25   00108599   37
25   08945718   38
25   01511775   39
25   00109307   40
25   00010072   41
25   00134705   42
25   00058690   43
25   00069195   44
25   00108598   45
25   08966146   46
25   00069186   47
25   00111251   48
25   00010448   49
25   01084800   50
25   00069178   51
25   01263362   52
25   00069418   53
25   00010833   54
25   00069374   55
25   00106485   56
25   00012580   57
25   00009321   58
25   00105238   59
25   00111726   60
25   00063744   61
25   00011185   62
25   00108372   63
25   01198184   64
25   00000829   65
25   00069167   66
25   00111825   67
25   00010073   68
25   06164027   69
25   00075803   70
25   00105114   71
25   00010629   72
25   01291819   73
25   00662121   74
25   00084697   75
25   00069809   76
25   06161084   77
25   00112685   78
25   00112817   79
25   00063737   80
25   00086982   81
25   06164037   82
25   00105115   83
25   00069180   84
25   00010578   85
25   00069811   86
25   00069456   87
25   00108371   88
25   00012783   89
25   00069163   90
25   00012803   91
25   00069449   92
25   00009003   93
25   00068874   94
25   00008538   95
25   00074036   96
25   00010307   97
25   00001174   98
25   00058977   99
25   00010442   100
26   06026805   1
26   06106548   2
26   06026530   3
26   06026836   4
26   06026850   5
26   06026642   6
26   06106414   7
26   06026998   8
26   06026789   9
26   06026827   10
26   06106551   11
26   06026819   12
26   06097972   13
26   06026798   14
26   06098079   15
26   06098028   16
26   06106553   17
26   06026868   18
26   06098070   19
26   06026358   20
26   05836216   21
26   06106415   22
26   05967649   23
26   06098057   24
26   06026452   25
26   06116368   26
26   05836214   27
26   05967716   28
26   06098100   29
26   06026795   30
26   05836220   31
26   05831054   32
26   06098620   33
26   06098077   34
26   06026783   35
26   05967645   36
26   05831055   37
26   05836115   38
26   06107529   39
26   06026825   40
26   06107499   41
26   06153895   42
26   06098110   43
26   06097964   44
26   06098547   45
26   06098170   46
26   06159911   47
26   05836107   48
26   06026843   49
26   06004798   50
26   06153911   51
26   06026846   52
26   06098111   53
26   06098168   54
26   05836085   55
26   06159913   56
26   06107386   57
26   06242371   58
26   06299425   59
26   05836235   60
26   06106400   61
26   05831017   62
26   05836213   63
26   06239735   64
26   06116372   65
26   06299370   66
26   05836217   67
26   05967699   68
26   05836231   69
26   06299405   70
26   06153951   71
26   06098058   72
26   06239730   73
26   05836215   74
26   06098109   75
26   06026840   76
26   06159909   77
26   05836221   78
26   05968804   79
26   05968810   80
26   06098193   81
26   06153711   82
26   06299423   83
26   06240274   84
26   06159915   85
26   06107495   86
26   06299337   87
26   06153883   88
26   06159912   89
26   05836079   90
26   06242360   91
26   06153906   92
26   05968798   93
26   06107498   94
26   06153913   95
26   06153710   96
26   06240267   97
26   06299351   98
26   06159910   99
26   06153712   100
27   01265713   1
27   08967392   2
27   01265643   3
27   06236968   4
27   01265382   5
27   06300747   6
27   06168277   7
27   08969043   8
27   01265717   9
27   01473190   10
27   00087171   11
27   08969035   12
27   06168270   13
27   01184447   14
27   01265733   15
27   01265366   16
27   06032957   17
27   08969530   18
27   01265753   19
27   06300796   20
27   01276692   21
27   01265399   22
27   01265345   23
27   01061784   24
27   01265751   25
27   06301294   26
27   01265712   27
27   08968987   28
27   00868845   29
27   01265749   30
27   01034217   31
27   01226235   32
27   01226253   33
27   01370489   34
27   01129499   35
27   08967862   36
27   00143254   37
27   01226189   38
27   01129510   39
27   01265737   40
27   01370477   41
27   06032992   42
27   01129525   43
27   00868846   44
27   00868848   45
27   01226320   46
27   00095425   47
27   08965884   48
27   01276682   49
27   01226174   50
27   01265383   51
27   01129523   52
27   01129501   53
27   00868847   54
27   08946965   55
27   00868856   56
27   08966829   57
27   01184442   58
27   01226176   59
27   00717782   60
27   00833871   61
27   01370480   62
27   00868850   63
27   08971114   64
27   01370475   65
27   01226255   66
27   01184430   67
27   01265742   68
27   01370481   69
27   01276688   70
27   00868842   71
27   01370490   72
27   08967017   73
27   01183902   74
27   01473027   75
27   01276684   76
27   00868843   77
27   01370482   78
27   08946963   79
27   00833859   80
27   08963233   81
27   01370479   82
27   01184122   83
27   08967427   84
27   08964876   85
27   01276693   86
27   01184444   87
27   00717786   88
27   08968967   89
27   01184446   90
27   01061785   91
27   08968232   92
27   01129500   93
27   01061782   94
27   01184443   95
27   01276685   96
27   01183852   97
27   01183855   98
27   01276683   99
27   01276686   100
28   01461727   1
28   00781503   2
28   01461742   3
28   00781542   4
28   00781507   5
28   01461733   6
28   01461579   7
28   01461724   8
28   00948433   9
28   00781501   10
28   06220950   11
28   01116840   12
28   01116819   13
28   01461728   14
28   01191972   15
28   01461739   16
28   01461621   17
28   01116788   18
28   01116841   19
28   00634964   20
28   06220956   21
28   00634512   22
28   00948431   23
28   00948424   24
28   00635028   25
28   00755052   26
28   00634515   27
28   06271303   28
28   01461744   29
28   00948441   30
28   06220980   31
28   01183313   32
28   06221143   33
28   00634932   34
28   00634720   35
28   00755053   36
28   00635029   37
28   01116827   38
28   00755054   39
28   01183294   40
28   01127457   41
28   01191963   42
28   06221144   43
28   01182867   44
28   00634719   45
28   06220959   46
28   01116792   47
28   01183297   48
28   00084655   49
28   01147508   50
28   00948443   51
28   01360757   52
28   06221148   53
28   01182864   54
28   01116791   55
28   01147528   56
28   01182865   57
28   01116787   58
28   06220982   59
28   00615525   60
28   00635027   61
28   01183292   62
28   01183311   63
28   00635025   64
28   01147518   65
28   00635026   66
28   00634550   67
28   01116828   68
28   01183304   69
28   01147525   70
28   01360756   71
28   00948438   72
28   01182862   73
28   01147522   74
28   01182869   75
28   01182870   76
28   01185464   77
28   01183293   78
28   01116833   79
28   01183302   80
28   01183300   81
28   01182871   82
28   00615880   83
28   01360723   84
28   01116789   85
28   01182868   86
28   01183299   87
28   01182873   88
28   00948423   89
28   01182872   90
28   01183310   91
28   01360764   92
28   01182863   93
28   01360854   94
28   01183303   95
28   01191971   96
28   01116831   97
28   00948428   98
28   01182866   99
28   00615306   100
29   06240380   1
29   01244172   2
29   01244055   3
29   06238250   4
29   01244069   5
29   06240422   6
29   01244109   7
29   06240846   8
29   00011626   9
29   06240378   10
29   06238248   11
29   00011627   12
29   01244068   13
29   06240536   14
29   06240399   15
29   06024768   16
29   06240350   17
29   06294590   18
29   01244091   19
29   01237514   20
29   06240383   21
29   06222274   22
29   00011636   23
29   06238344   24
29   06240351   25
29   01237530   26
29   06238346   27
29   06222275   28
29   06240410   29
29   06222295   30
29   06240408   31
29   06238252   32
29   06238237   33
29   06282499   34
29   01237513   35
29   06288875   36
29   06222294   37
29   06238253   38
29   00011625   39
29   06282670   40
29   06240276   41
29   06240315   42
29   01432022   43
29   06238229   44
29   06238228   45
29   00869311   46
29   06238254   47
29   01244070   48
29   06238249   49
29   01068212   50
29   06240286   51
29   06222281   52
29   01068221   53
29   01027276   54
29   06240247   55
29   06238240   56
29   06222300   57
29   06240534   58
29   00910130   59
29   06222297   60
29   06282625   61
29   05980724   62
29   00744484   63
29   06289013   64
29   01281567   65
29   01244248   66
29   00910247   67
29   01207703   68
29   05980723   69
29   06240255   70
29   00907048   71
29   00085119   72
29   00869312   73
29   00869421   74
29   06294524   75
29   00869315   76
29   01281571   77
29   06240243   78
29   01283439   79
29   01281564   80
29   00744283   81
29   00910165   82
29   00910117   83
29   06282543   84
29   00744320   85
29   00744313   86
29   01027239   87
29   01281632   88
29   01237515   89
29   01281560   90
29   01281619   91
29   00910094   92
29   01281638   93
29   01281642   94
29   01281558   95
29   00744483   96
29   00910124   97
29   00907047   98
29   00744527   99
29   00869309   100
30   00921083   1
30   01242282   2
30   01226891   3
30   01084018   4
30   01256850   5
30   01225753   6
30   00643282   7
30   01235210   8
30   01205085   9
30   01225749   10
30   00643280   11
30   01336799   12
30   01241069   13
30   01515048   14
30   01242288   15
30   01255550   16
30   01135518   17
30   01296637   18
30   01205083   19
30   01267433   20
30   00643281   21
30   00117346   22
30   01391532   23
30   01329352   24
30   00082660   25
30   01205926   26
30   01489624   27
30   01477564   28
30   00894850   29
30   00100101   30
30   00779141   31
30   06025324   32
30   01489619   33
30   06212563   34
30   08963300   35
30   00938592   36
30   00772198   37
30   01406545   38
30   01489617   39
30   01178402   40
30   01043459   41
30   00140384   42
30   00897878   43
30   00117920   44
30   00894763   45
30   01032063   46
30   01296639   47
30   00643268   48
30   00772200   49
30   00116840   50
30   00897876   51
30   01266619   52
30   01178855   53
30   00799159   54
30   00779130   55
30   00746742   56
30   00897906   57
30   01266071   58
30   00897884   59
30   00102720   60
30   00897879   61
30   01023055   62
30   00643283   63
30   06002465   64
30   01440119   65
30   01034465   66
30   01440118   67
30   00772202   68
30   00714861   69
30   01401157   70
30   01266068   71
30   01408655   72
30   01266621   73
30   00897885   74
30   00897907   75
30   01469224   76
30   00698263   77
30   01456549   78
30   01266073   79
30   00897908   80
30   01469222   81
30   00690601   82
30   00128976   83
30   00787149   84
30   01469223   85
30   00130217   86
30   00119229   87
30   01439882   88
30   01267445   89
30   01439888   90
30   00643266   91
30   00150454   92
30   06212565   93
30   00643275   94
30   06002816   95
30   00657057   96
30   01266622   97
30   01439887   98
30   01440120   99
30   01398342   100
31   05982836   1
31   06238615   2
31   06238537   3
31   05982823   4
31   05982831   5
31   05982827   6
31   06238547   7
31   06238632   8
31   05982758   9
31   05982812   10
31   06238497   11
31   06238551   12
31   06238543   13
31   05982821   14
31   06238557   15
31   05982829   16
31   06238633   17
31   06238522   18
31   06238636   19
31   05982810   20
31   06238628   21
31   06238618   22
31   06238553   23
31   06238516   24
31   06238639   25
31   06238511   26
31   06238495   27
31   06238540   28
31   06238524   29
31   05982834   30
31   06238500   31
31   06238638   32
31   06299287   33
31   06238517   34
31   06238550   35
31   06238619   36
31   06238612   37
31   06238635   38
31   06238542   39
31   06238515   40
31   00689259   41
31   06238498   42
31   05960242   43
31   06238510   44
31   06238616   45
31   06238556   46
31   05960241   47
31   05960257   48
31   06238501   49
31   06238520   50
31   00688495   51
31   06238528   52
31   05960243   53
31   06238637   54
31   06238523   55
31   00688643   56
31   05960239   57
31   06238505   58
31   06238541   59
31   01184385   60
31   06238630   61
31   06238555   62
31   06238640   63
31   05960250   64
31   06238502   65
31   06238539   66
31   06299278   67
31   06238499   68
31   00688642   69
31   06238538   70
31   06238617   71
31   06234751   72
31   06238514   73
31   06238496   74
31   06238549   75
31   06238529   76
31   06238545   77
31   06238614   78
31   06238544   79
31   06238512   80
31   06238509   81
31   06238631   82
31   06238552   83
31   06238513   84
31   06238536   85
31   06238521   86
31   06238620   87
31   05982818   88
31   06238534   89
31   05960240   90
31   06238508   91
31   05960259   92
31   05998485   93
31   05998430   94
31   05960249   95
31   00843970   96
31   05960251   97
31   05960260   98
31   05960262   99
31   05960245   100
32   01508449   1
32   05871607   2
32   05824918   3
32   06291098   4
32   05825704   5
32   06280405   6
32   05870400   7
32   06291071   8
32   06291068   9
32   06296212   10
32   06280319   11
32   06280291   12
32   05826654   13
32   05824023   14
32   05826759   15
32   05870509   16
32   06296242   17
32   05841927   18
32   05841884   19
32   05841936   20
32   05871751   21
32   05871768   22
32   06280255   23
32   05826497   24
32   05870678   25
32   05870456   26
32   05870574   27
32   06296181   28
32   05841915   29
32   06280287   30
32   06280284   31
32   06296182   32
32   05826499   33
32   06296214   34
32   01312566   35
32   01508450   36
32   05872212   37
32   05842136   38
32   06291083   39
32   06296180   40
32   05871648   41
32   05824032   42
32   06195879   43
32   05870576   44
32   05850544   45
32   06296248   46
32   06291086   47
32   06280256   48
32   05872194   49
32   06296228   50
32   05872694   51
32   05864599   52
32   05842932   53
32   01340460   54
32   05871786   55
32   00103580   56
32   05870153   57
32   01135314   58
32   05871712   59
32   05850474   60
32   05870471   61
32   05862496   62
32   06291133   63
32   05850471   64
32   05870386   65
32   05850541   66
32   05850472   67
32   05871806   68
32   00059295   69
32   05864669   70
32   01482075   71
32   00122180   72
32   00064463   73
32   01340461   74
32   05864736   75
32   05826500   76
32   06273200   77
32   05864980   78
32   05824029   79
32   05871728   80
32   05867862   81
32   00015171   82
32   00063265   83
32   06296236   84
32   06296211   85
32   05864419   86
32   05869999   87
32   05867864   88
32   06296246   89
32   05864421   90
32   06195868   91
32   05864429   92
32   05864456   93
32   05864568   94
32   06291127   95
32   06291128   96
32   05870588   97
32   05870713   98
32   05870114   99
32   05870179   100
33   06065679   1
33   08966011   2
33   01463627   3
33   08946798   4
33   08966756   5
33   08967206   6
33   08946245   7
33   08972797   8
33   06116821   9
33   08972803   10
33   08968923   11
33   01518708   12
33   08972795   13
33   05967027   14
33   08970517   15
33   06115963   16
33   08972627   17
33   00063984   18
33   08962895   19
33   00076886   20
33   06065680   21
33   08946784   22
33   08969109   23
33   01463625   24
33   08946787   25
33   08973274   26
33   08965752   27
33   08973278   28
33   08946789   29
33   00061271   30
33   08972789   31
33   06065673   32
33   00068123   33
33   08964945   34
33   08973275   35
33   08966755   36
33   01463618   37
33   08972804   38
33   00067780   39
33   08973236   40
33   06114983   41
33   06065625   42
33   06065671   43
33   08968926   44
33   01474752   45
33   08972796   46
33   08972838   47
33   00013884   48
33   08972787   49
33   00072036   50
33   00070343   51
33   06065676   52
33   08973281   53
33   06065624   54
33   08973276   55
33   06076502   56
33   01463851   57
33   06116820   58
33   01463620   59
33   06065640   60
33   08946092   61
33   06065645   62
33   08946513   63
33   00001294   64
33   06076374   65
33   06065636   66
33   08946792   67
33   06065675   68
33   08964626   69
33   01463852   70
33   08946782   71
33   00071403   72
33   00083216   73
33   00789318   74
33   08969113   75
33   06054679   76
33   08946791   77
33   06114997   78
33   08946781   79
33   00007283   80
33   08966140   81
33   06078011   82
33   08946785   83
33   08969112   84
33   00800494   85
33   06065631   86
33   08971101   87
33   06065633   88
33   06065638   89
33   06114998   90
33   06065643   91
33   00833079   92
33   06065629   93
33   01481044   94
33   06078027   95
33   06114987   96
33   00092462   97
33   06078004   98
33   00012447   99
33   00000074   100
34   01261094   1
34   05821585   2
34   01195707   3
34   00596439   4
34   05821590   5
34   00796954   6
34   08971089   7
34   00061906   8
34   08969004   9
34   01079982   10
34   01261095   11
34   05821567   12
34   05821699   13
34   00119421   14
34   05821697   15
34   01070584   16
34   05821576   17
34   08969694   18
34   00651731   19
34   01099487   20
34   01054842   21
34   00688761   22
34   05821701   23
34   01173582   24
34   00651019   25
34   08970448   26
34   00151068   27
34   08970452   28
34   05821564   29
34   00709508   30
34   05821578   31
34   01048033   32
34   05821581   33
34   01252428   34
34   00712670   35
34   08969907   36
34   00128906   37
34   00697302   38
34   05821698   39
34   00708008   40
34   00731274   41
34   01054860   42
34   05821570   43
34   05821580   44
34   01112445   45
34   00630531   46
34   01067070   47
34   08970457   48
34   00816078   49
34   01043570   50
34   00638500   51
34   00625961   52
34   05821559   53
34   00910226   54
34   05821526   55
34   00979534   56
34   05821597   57
34   00708902   58
34   00594333   59
34   01097091   60
34   05821575   61
34   01079981   62
34   05821586   63
34   00638189   64
34   05821569   65
34   00945014   66
34   00633429   67
34   00655934   68
34   00632752   69
34   01003356   70
34   00662856   71
34   00769486   72
34   06264555   73
34   00655936   74
34   01054044   75
34   00834178   76
34   00729581   77
34   01019737   78
34   01164122   79
34   00604199   80
34   00688487   81
34   00882007   82
34   00064460   83
34   01097090   84
34   00765328   85
34   00754421   86
34   01169448   87
34   00064464   88
34   00607059   89
34   00769487   90
34   00754423   91
34   01079983   92
34   00832679   93
34   01151710   94
34   00642668   95
34   01054872   96
34   00888626   97
34   00752042   98
34   01080034   99
34   01164347   100
35   00008434   1
35   08969000   2
35   08945883   3
35   08969451   4
35   08968995   5
35   08965954   6
35   08946907   7
35   01448377   8
35   01420218   9
35   00008432   10
35   00061049   11
35   08966393   12
35   08945886   13
35   08966845   14
35   08965248   15
35   08966967   16
35   08965825   17
35   00656233   18
35   00061243   19
35   00774627   20
35   00656360   21
35   08968975   22
35   08967810   23
35   08972386   24
35   00140406   25
35   08965500   26
35   00106092   27
35   00067803   28
35   05828408   29
35   00080234   30
35   00774625   31
35   08970227   32
35   00150341   33
35   08965958   34
35   05828415   35
35   08966014   36
35   08945889   37
35   00106091   38
35   05967338   39
35   05828407   40
35   00656240   41
35   08967345   42
35   00656234   43
35   08967497   44
35   08966431   45
35   00001287   46
35   00140403   47
35   05967243   48
35   05966213   49
35   00061045   50
35   08969891   51
35   08946345   52
35   08945875   53
35   00001371   54
35   05967239   55
35   05967241   56
35   00079463   57
35   00063994   58
35   08945891   59
35   05967327   60
35   05966216   61
35   00001372   62
35   05967329   63
35   05828416   64
35   05828401   65
35   00075074   66
35   05967326   67
35   05967340   68
35   08963251   69
35   00106183   70
35   00079654   71
35   01231063   72
35   05828477   73
35   05828474   74
35   08964789   75
35   00008249   76
35   00127507   77
35   00080276   78
35   05828472   79
35   05966208   80
35   05967332   81
35   05967254   82
35   05966549   83
35   05966211   84
35   05967244   85
35   05966550   86
35   05967240   87
35   08968927   88
35   05967319   89
35   05828406   90
35   05967252   91
35   00059577   92
35   05828395   93
35   05828410   94
35   05967256   95
35   05828399   96
35   05966207   97
35   08965719   98
35   08967492   99
35   05828421   100
36   00787149   1
36   00799053   2
36   00800097   3
36   00685749   4
36   08962843   5
36   00799050   6
36   06079835   7
36   00789896   8
36   08947042   9
36   00782330   10
36   00799052   11
36   06053346   12
36   05955024   13
36   00791245   14
36   08962846   15
36   00799051   16
36   06079837   17
36   06079836   18
36   08945723   19
36   00768673   20
36   06079832   21
36   06079821   22
36   00723174   23
36   00792683   24
36   05955005   25
36   00799055   26
36   06079827   27
36   00787970   28
36   00798912   29
36   00792930   30
36   05955066   31
36   00799449   32
36   00109492   33
36   00110352   34
36   06079829   35
36   00798925   36
36   00601414   37
36   00803215   38
36   06079824   39
36   00792682   40
36   06079828   41
36   00628303   42
36   00111383   43
36   00110362   44
36   06079834   45
36   00778862   46
36   00782396   47
36   01457700   48
36   00150353   49
36   00109559   50
36   06079833   51
36   05955045   52
36   00768841   53
36   00792430   54
36   00798881   55
36   00701523   56
36   01456733   57
36   00793712   58
36   00663596   59
36   00726520   60
36   00141377   61
36   00701592   62
36   00629200   63
36   00701556   64
36   00777022   65
36   00681758   66
36   00701563   67
36   00774644   68
36   00727462   69
36   00797707   70
36   00759860   71
36   06079823   72
36   00778863   73
36   00769654   74
36   00792164   75
36   00790670   76
36   00110508   77
36   00799210   78
36   00800131   79
36   00769655   80
36   00750122   81
36   00793001   82
36   00777281   83
36   00797705   84
36   00141378   85
36   00083805   86
36   00701639   87
36   00792433   88
36   00635506   89
36   00635528   90
36   00789850   91
36   00068324   92
36   00150354   93
36   00792169   94
36   00150364   95
36   00629198   96
36   00629199   97
36   00635525   98
36   00635529   99
36   00066450   100
37   00616093   1
37   08966370   2
37   00816623   3
37   01262006   4
37   01425718   5
37   00062445   6
37   00006533   7
37   08966369   8
37   01176968   9
37   01208643   10
37   00101843   11
37   00698900   12
37   00616118   13
37   00615525   14
37   01041593   15
37   01170802   16
37   08964928   17
37   01334551   18
37   01209141   19
37   01224917   20
37   00137352   21
37   08947028   22
37   00616132   23
37   01425717   24
37   00615935   25
37   05968008   26
37   08971210   27
37   01334552   28
37   00616099   29
37   01177032   30
37   00615938   31
37   08973700   32
37   00616117   33
37   00615704   34
37   00682585   35
37   00615532   36
37   01208661   37
37   08969046   38
37   01177026   39
37   00615927   40
37   01177033   41
37   08974717   42
37   00616337   43
37   01427089   44
37   01177069   45
37   00833022   46
37   01061501   47
37   00706761   48
37   01427092   49
37   01055197   50
37   00615517   51
37   08966776   52
37   00616116   53
37   00689770   54
37   00616097   55
37   00815311   56
37   00014737   57
37   08970559   58
37   00076020   59
37   01061248   60
37   00615545   61
37   08969003   62
37   00616095   63
37   00611548   64
37   00616338   65
37   08974715   66
37   00616123   67
37   01213961   68
37   00615929   69
37   08965062   70
37   00111787   71
37   08965790   72
37   01176965   73
37   00615515   74
37   00009265   75
37   01427304   76
37   00008739   77
37   08966352   78
37   00101185   79
37   01236853   80
37   05968005   81
37   08964779   82
37   01427306   83
37   00615526   84
37   01347938   85
37   00009824   86
37   00611604   87
37   00766770   88
37   01347955   89
37   01080448   90
37   01204024   91
37   01188306   92
37   01061251   93
37   00006532   94
37   06237553   95
37   00006613   96
37   00616115   97
37   00610727   98
37   05968010   99
37   00000779   100
38   00596660   1
38   00985935   2
38   01141968   3
38   01313270   4
38   00985868   5
38   00985946   6
38   01143572   7
38   01141979   8
38   05824909   9
38   00985916   10
38   00985954   11
38   01313775   12
38   01313771   13
38   00985889   14
38   00596647   15
38   01139965   16
38   01263862   17
38   01313783   18
38   00596646   19
38   00596661   20
38   01313780   21
38   00596648   22
38   01313763   23
38   01309196   24
38   00596640   25
38   01309193   26
38   00985930   27
38   01313782   28
38   01309197   29
38   00596638   30
38   00985933   31
38   00808430   32
38   00985932   33
38   00985949   34
38   01284394   35
38   01313773   36
38   00985964   37
38   00985908   38
38   00723866   39
38   01313267   40
38   01313774   41
38   01313776   42
38   00985950   43
38   01313274   44
38   00985938   45
38   01284393   46
38   01313770   47
38   00723919   48
38   01139973   49
38   00985939   50
38   00985934   51
38   01139962   52
38   01285965   53
38   00985952   54
38   00596649   55
38   05824900   56
38   01313761   57
38   00985937   58
38   01141972   59
38   00808417   60
38   01141981   61
38   00596656   62
38   01313772   63
38   01284396   64
38   01313764   65
38   01285960   66
38   01264747   67
38   00985948   68
38   01313769   69
38   01488810   70
38   00985645   71
38   01313276   72
38   00985635   73
38   01309807   74
38   01141977   75
38   01313768   76
38   01139963   77
38   00985923   78
38   05824850   79
38   00596643   80
38   01141975   81
38   00985944   82
38   01139964   83
38   00596642   84
38   01313352   85
38   01313762   86
38   01309192   87
38   01313757   88
38   01313781   89
38   00955186   90
38   01139966   91
38   05824890   92
38   00955189   93
38   01139968   94
38   00955190   95
38   01139970   96
38   01313778   97
38   01139971   98
38   01313779   99
38   05825789   100
39   01445068   1
39   01316905   2
39   01304439   3
39   01327477   4
39   01306206   5
39   01384025   6
39   01445076   7
39   01360193   8
39   01305403   9
39   01306207   10
39   01306257   11
39   01307109   12
39   01365729   13
39   01305516   14
39   01306676   15
39   01442145   16
39   01445070   17
39   01306215   18
39   01306701   19
39   01301680   20
39   01309488   21
39   01346792   22
39   01316760   23
39   01305549   24
39   01399222   25
39   00863992   26
39   01316470   27
39   01382139   28
39   01365726   29
39   01306693   30
39   01306660   31
39   01304045   32
39   00683268   33
39   01309474   34
39   01082646   35
39   01306695   36
39   01307110   37
39   00061979   38
39   01370234   39
39   01305544   40
39   01304043   41
39   01316460   42
39   01082612   43
39   01306272   44
39   01382537   45
39   00151870   46
39   01306214   47
39   01306221   48
39   01346810   49
39   01306281   50
39   01185203   51
39   00853427   52
39   01393366   53
39   01305239   54
39   01185424   55
39   01305238   56
39   01346796   57
39   01306659   58
39   01444185   59
39   01304209   60
39   00121612   61
39   01408464   62
39   01009888   63
39   05827547   64
39   01346798   65
39   01302179   66
39   01410483   67
39   01410388   68
39   01410398   69
39   01082613   70
39   01373228   71
39   01309026   72
39   00868643   73
39   00614615   74
39   01301677   75
39   01188444   76
39   00793133   77
39   01370309   78
39   01410416   79
39   06125967   80
39   00683270   81
39   00864506   82
39   01454652   83
39   01084470   84
39   00618953   85
39   01316772   86
39   00735933   87
39   00907279   88
39   00947286   89
39   01346799   90
39   00799489   91
39   00945213   92
39   00907284   93
39   01477795   94
39   00606338   95
39   01301675   96
39   01360297   97
39   00149206   98
39   00895811   99
39   00735929   100
40   08966717   1
40   08967631   2
40   08968130   3
40   08965608   4
40   08965094   5
40   08967663   6
40   08966533   7
40   08968207   8
40   08969243   9
40   08969262   10
40   08969214   11
40   08969190   12
40   08967699   13
40   08969247   14
40   08969232   15
40   08966131   16
40   08970939   17
40   08968208   18
40   08970930   19
40   08965313   20
40   08970942   21
40   08970936   22
40   08968138   23
40   08966151   24
40   08969811   25
40   08969259   26
40   08966041   27
40   08968209   28
40   08969204   29
40   08965813   30
40   08969240   31
40   08968092   32
40   08966152   33
40   08969786   34
40   08964743   35
40   08968109   36
40   08970377   37
40   08969212   38
40   08970972   39
40   08966583   40
40   08969301   41
40   08965574   42
40   08965222   43
40   08969260   44
40   08968115   45
40   08969208   46
40   08965092   47
40   08966622   48
40   08966626   49
40   08970964   50
40   08970951   51
40   08969264   52
40   08968108   53
40   08970967   54
40   08970386   55
40   08965709   56
40   08969188   57
40   08970970   58
40   08969218   59
40   08969202   60
40   08969194   61
40   08967580   62
40   08968076   63
40   08970966   64
40   08968211   65
40   08965224   66
40   08970360   67
40   08970969   68
40   08945847   69
40   08968210   70
40   08966607   71
40   08966608   72
40   08967502   73
40   08970945   74
40   08965656   75
40   08970961   76
40   08969229   77
40   08967441   78
40   08968202   79
40   08966586   80
40   08969266   81
40   08966605   82
40   08969079   83
40   08969238   84
40   08964773   85
40   08970947   86
40   08969210   87
40   08966560   88
40   08969298   89
40   08969290   90
40   08966595   91
40   08966619   92
40   08966971   93
40   08967587   94
40   08966603   95
40   08968088   96
40   08969193   97
40   08965089   98
40   08969287   99
40   08967443   100
41   00781503   1
41   01461579   2
41   00781501   3
41   01116819   4
41   01461724   5
41   01182863   6
41   00948433   7
41   01461727   8
41   01461739   9
41   00781507   10
41   01116840   11
41   01461621   12
41   00781542   13
41   01461742   14
41   01116788   15
41   00948428   16
41   01116841   17
41   06220950   18
41   01461733   19
41   00755057   20
41   01360757   21
41   00755055   22
41   01461728   23
41   00948431   24
41   06271303   25
41   01116831   26
41   01461744   27
41   06220956   28
41   00755052   29
41   00762176   30
41   01360756   31
41   01179928   32
41   00755056   33
41   06221144   34
41   00755875   35
41   01182865   36
41   00755054   37
41   06220980   38
41   00755053   39
41   00634720   40
41   00634512   41
41   00755341   42
41   00755046   43
41   06221143   44
41   01470089   45
41   00615306   46
41   06220982   47
41   00762179   48
41   06220959   49
41   00634719   50
41   01147508   51
41   01040307   52
41   00948441   53
41   06221148   54
41   01116827   55
41   01182866   56
41   00755386   57
41   00762178   58
41   00755058   59
41   01116791   60
41   01040308   61
41   01182867   62
41   00759121   63
41   01116787   64
41   01182869   65
41   01182870   66
41   01147525   67
41   00755360   68
41   01116833   69
41   01089343   70
41   00948424   71
41   00759153   72
41   00634550   73
41   00948423   74
41   01182872   75
41   01127457   76
41   00755381   77
41   01182862   78
41   00755047   79
41   01182864   80
41   01424474   81
41   01116828   82
41   00948443   83
41   00755364   84
41   00755048   85
41   01424534   86
41   01182868   87
41   01147528   88
41   01040306   89
41   01360061   90
41   01182871   91
41   01147518   92
41   00755043   93
41   00755323   94
41   01147522   95
41   00755049   96
41   00948438   97
41   00634515   98
41   01116789   99
41   01116792   100
42   00058904   1
42   00150870   2
42   00062869   3
42   00074415   4
42   00124110   5
42   00006713   6
42   00149603   7
42   00673846   8
42   00080805   9
42   00124111   10
42   00106862   11
42   01127639   12
42   00082950   13
42   00075449   14
42   00827278   15
42   00059848   16
42   00064034   17
42   00078842   18
42   00080996   19
42   00097465   20
42   00745085   21
42   00630368   22
42   00062406   23
42   00149725   24
42   00149723   25
42   00080973   26
42   00605038   27
42   00626777   28
42   00006319   29
42   00058887   30
42   00629548   31
42   00062264   32
42   00062494   33
42   00081540   34
42   00059661   35
42   00059686   36
42   00600666   37
42   00080974   38
42   00082954   39
42   00600609   40
42   00124096   41
42   00101157   42
42   00062720   43
42   00114409   44
42   01127638   45
42   00827258   46
42   00602218   47
42   00630418   48
42   00083183   49
42   00614167   50
42   00611576   51
42   00101351   52
42   01127641   53
42   00069174   54
42   01155562   55
42   00059663   56
42   00628883   57
42   00079565   58
42   00131880   59
42   00660403   60
42   00075574   61
42   00149595   62
42   00079295   63
42   00131862   64
42   00745058   65
42   00078774   66
42   00061509   67
42   00078760   68
42   00122094   69
42   00596872   70
42   00124094   71
42   00655387   72
42   00104771   73
42   00063985   74
42   00001198   75
42   00595195   76
42   00630369   77
42   00630406   78
42   00630452   79
42   00006183   80
42   00092601   81
42   00623804   82
42   00062856   83
42   00106868   84
42   00630373   85
42   00630372   86
42   00124116   87
42   00098320   88
42   00080998   89
42   00064003   90
42   00106855   91
42   00080961   92
42   00106841   93
42   00630377   94
42   00623328   95
42   00075568   96
42   00062244   97
42   00078776   98
42   00005993   99
42   00630514   100
43   01471388   1
43   06287386   2
43   06175135   3
43   01471390   4
43   06197575   5
43   06197592   6
43   01471418   7
43   06121211   8
43   06287392   9
43   00009228   10
43   06024808   11
43   00009227   12
43   01471409   13
43   00117604   14
43   00762685   15
43   06121199   16
43   01471383   17
43   06175116   18
43   01086855   19
43   00068296   20
43   06018443   21
43   01471380   22
43   06024799   23
43   01096682   24
43   01471376   25
43   06121204   26
43   06121300   27
43   01493186   28
43   06121259   29
43   01096680   30
43   01471415   31
43   05846281   32
43   01049913   33
43   01035680   34
43   01471379   35
43   01043976   36
43   06287596   37
43   06121332   38
43   01471416   39
43   01415889   40
43   01400766   41
43   01493658   42
43   06024789   43
43   00117597   44
43   05846279   45
43   01400200   46
43   01471426   47
43   05846280   48
43   01043979   49
43   00014501   50
43   00599448   51
43   05846276   52
43   06284171   53
43   06121135   54
43   01493656   55
43   00014400   56
43   01400537   57
43   06121263   58
43   00615154   59
43   00009250   60
43   00963351   61
43   00963563   62
43   00007343   63
43   00963571   64
43   01043957   65
43   01043978   66
43   06201709   67
43   01400534   68
43   01415907   69
43   01207643   70
43   01415884   71
43   00014386   72
43   01400519   73
43   01471374   74
43   00597291   75
43   01026503   76
43   00963356   77
43   00008264   78
43   00117209   79
43   06018322   80
43   00012566   81
43   00634804   82
43   01049916   83
43   00599484   84
43   00597283   85
43   00596615   86
43   00598370   87
43   00963355   88
43   01049917   89
43   00077786   90
43   00597905   91
43   00105024   92
43   00592258   93
43   06284170   94
43   00082333   95
43   00106136   96
43   06121155   97
43   01049918   98
43   01206705   99
43   01043982   100
44   00843333   1
44   01295807   2
44   01295811   3
44   06216031   4
44   00760510   5
44   06216077   6
44   01295812   7
44   06215963   8
44   01295600   9
44   00667089   10
44   01477345   11
44   06048295   12
44   01295810   13
44   00764721   14
44   06215965   15
44   00662698   16
44   01295809   17
44   01295932   18
44   00650600   19
44   06215899   20
44   00665081   21
44   01295714   22
44   00650640   23
44   00667090   24
44   00760498   25
44   00761344   26
44   01468790   27
44   00638185   28
44   06215962   29
44   00665079   30
44   00665780   31
44   00665782   32
44   00662694   33
44   00667087   34
44   00760499   35
44   00761392   36
44   00761361   37
44   00587521   38
44   00650631   39
44   00650629   40
44   00702020   41
44   00662697   42
44   00665775   43
44   00761347   44
44   00650595   45
44   00665779   46
44   00764718   47
44   00650637   48
44   00667088   49
44   00760006   50
44   00761338   51
44   00650599   52
44   00665781   53
44   00665786   54
44   00650601   55
44   00665083   56
44   00702485   57
44   00764722   58
44   00702023   59
44   00760496   60
44   00764705   61
44   00764732   62
44   00760512   63
44   00647773   64
44   00761387   65
44   00702481   66
44   00650603   67
44   00761342   68
44   00764937   69
44   00734520   70
44   00761332   71
44   00587228   72
44   00647796   73
44   00764731   74
44   00587514   75
44   00764719   76
44   00764725   77
44   00650642   78
44   00702021   79
44   00665777   80
44   00665085   81
44   00702482   82
44   00761381   83
44   00702487   84
44   00764706   85
44   00667092   86
44   00761335   87
44   00702019   88
44   00663859   89
44   00761333   90
44   00734522   91
44   00761346   92
44   00761383   93
44   00761340   94
44   00665778   95
44   00764723   96
44   00761386   97
44   00702480   98
44   00587232   99
44   00647794   100
45   00136846   1
45   08966829   2
45   00781804   3
45   01458023   4
45   00136856   5
45   00009799   6
45   00121097   7
45   00009593   8
45   00140168   9
45   01265692   10
45   00932970   11
45   00009594   12
45   01453704   13
45   01458025   14
45   01265542   15
45   01453702   16
45   00932975   17
45   00777383   18
45   01061668   19
45   01458024   20
45   01055159   21
45   08966827   22
45   00084284   23
45   01453711   24
45   00121093   25
45   01265485   26
45   01055116   27
45   00143060   28
45   01125765   29
45   01147734   30
45   01265484   31
45   00098070   32
45   00147887   33
45   01125826   34
45   01129420   35
45   01265650   36
45   01055156   37
45   01265497   38
45   01265560   39
45   00644649   40
45   00932964   41
45   00008810   42
45   00775925   43
45   00918184   44
45   00936914   45
45   00939472   46
45   00880224   47
45   00644659   48
45   00148624   49
45   00104945   50
45   00932983   51
45   00084277   52
45   00067678   53
45   00936991   54
45   01182468   55
45   00918109   56
45   01083099   57
45   01182466   58
45   01265645   59
45   01055157   60
45   00918227   61
45   00007568   62
45   01182475   63
45   01276377   64
45   01226144   65
45   00798528   66
45   01082997   67
45   00936989   68
45   00857386   69
45   00143075   70
45   00084029   71
45   00937023   72
45   00936992   73
45   00638720   74
45   00939471   75
45   01129414   76
45   00087155   77
45   00796729   78
45   00747609   79
45   01088827   80
45   01182469   81
45   01061524   82
45   00750733   83
45   00009609   84
45   00864923   85
45   00793829   86
45   00932963   87
45   00006685   88
45   00826924   89
45   00910166   90
45   00624751   91
45   01182471   92
45   00939317   93
45   01025306   94
45   00638787   95
45   00073211   96
45   01048628   97
45   00644658   98
45   00073215   99
45   00918096   100
46   06047088   1
46   08973767   2
46   00655248   3
46   06047092   4
46   01433255   5
46   00119194   6
46   00144035   7
46   05826311   8
46   00655252   9
46   00846422   10
46   01265336   11
46   01309023   12
46   01308240   13
46   00940100   14
46   06182903   15
46   00661260   16
46   00012599   17
46   05823384   18
46   00118964   19
46   01319767   20
46   06184041   21
46   05823774   22
46   01308134   23
46   01308237   24
46   01374448   25
46   01333427   26
46   08969196   27
46   00117556   28
46   00132067   29
46   06168562   30
46   05826381   31
46   01504221   32
46   00107551   33
46   01309212   34
46   01141039   35
46   01333428   36
46   01433196   37
46   00067047   38
46   00134806   39
46   00118961   40
46   00655247   41
46   05826380   42
46   01333429   43
46   00106485   44
46   01430654   45
46   06182905   46
46   01308246   47
46   00080887   48
46   00142018   49
46   00119226   50
46   01308236   51
46   00655249   52
46   01374447   53
46   00010732   54
46   00139764   55
46   00106529   56
46   01393717   57
46   00007379   58
46   00099694   59
46   00107883   60
46   01333431   61
46   00129136   62
46   01333430   63
46   00062905   64
46   00098783   65
46   00001173   66
46   01430509   67
46   00116563   68
46   00131580   69
46   01333432   70
46   00140903   71
46   06184040   72
46   00660975   73
46   01308231   74
46   00093096   75
46   00067069   76
46   05823782   77
46   00139919   78
46   00116556   79
46   05834163   80
46   00144514   81
46   01503844   82
46   00131083   83
46   00115426   84
46   01393719   85
46   00118955   86
46   01308131   87
46   00118958   88
46   00112685   89
46   05834160   90
46   00103167   91
46   06184054   92
46   00010712   93
46   00071111   94
46   00067040   95
46   00062881   96
46   00109247   97
46   00062867   98
46   00062350   99
46   00068940   100
47   01217951   1
47   01129887   2
47   00121313   3
47   00910068   4
47   00983271   5
47   01481755   6
47   00796674   7
47   01126574   8
47   01014419   9
47   00960276   10
47   01036184   11
47   01469953   12
47   00629823   13
47   05957194   14
47   06236797   15
47   01014399   16
47   01474704   17
47   00140302   18
47   06192467   19
47   00121080   20
47   01469947   21
47   06192619   22
47   00122576   23
47   00869327   24
47   01474693   25
47   01127245   26
47   01469954   27
47   01454646   28
47   00707134   29
47   06192502   30
47   01354371   31
47   05976945   32
47   06236777   33
47   00802033   34
47   01474692   35
47   01441537   36
47   00725665   37
47   00972770   38
47   06024498   39
47   01454654   40
47   06145381   41
47   06048935   42
47   00121070   43
47   05966659   44
47   00707132   45
47   01400804   46
47   05918065   47
47   01371102   48
47   06236681   49
47   06145835   50
47   01181804   51
47   01433867   52
47   06145839   53
47   06237052   54
47   06104510   55
47   06003764   56
47   00629844   57
47   06059949   58
47   01441539   59
47   06003799   60
47   01516226   61
47   01400826   62
47   00791890   63
47   06237055   64
47   01357876   65
47   01400880   66
47   00869328   67
47   06145851   68
47   06024004   69
47   01454656   70
47   01433860   71
47   01399733   72
47   00149637   73
47   00132106   74
47   06104401   75
47   06003767   76
47   06003793   77
47   05976944   78
47   01310703   79
47   00139813   80
47   06024502   81
47   00123013   82
47   06192501   83
47   00980084   84
47   06145539   85
47   06105253   86
47   00760605   87
47   06145529   88
47   01282637   89
47   06104494   90
47   01278939   91
47   00137333   92
47   00623395   93
47   00124004   94
47   06059792   95
47   06236924   96
47   00623390   97
47   06105341   98
47   00127961   99
47   01217952   100
48   08946397   1
48   08965187   2
48   08965106   3
48   08965947   4
48   08965652   5
48   08967670   6
48   08965634   7
48   08971224   8
48   08966064   9
48   08967086   10
48   08967111   11
48   08965654   12
48   08965114   13
48   08946399   14
48   08967103   15
48   08965140   16
48   08967078   17
48   08965657   18
48   08967528   19
48   08967065   20
48   08967118   21
48   08970480   22
48   08965215   23
48   08946899   24
48   08968059   25
48   08964593   26
48   08967066   27
48   08967665   28
48   08967113   29
48   08967672   30
48   08965125   31
48   08965588   32
48   08965135   33
48   08966536   34
48   08969325   35
48   08965186   36
48   08965137   37
48   08965145   38
48   08967582   39
48   08966547   40
48   08965133   41
48   08967062   42
48   08966083   43
48   08965644   44
48   08965112   45
48   08965200   46
48   08966158   47
48   08966542   48
48   08967076   49
48   08965167   50
48   08965230   51
48   08967714   52
48   08965110   53
48   08966142   54
48   08965109   55
48   08966537   56
48   08965155   57
48   08965157   58
48   08965151   59
48   08965176   60
48   08966130   61
48   08970981   62
48   08965117   63
48   08966169   64
48   08965144   65
48   08965690   66
48   08965168   67
48   08965178   68
48   08966545   69
48   08947058   70
48   08966135   71
48   08967068   72
48   08965105   73
48   08946106   74
48   08965606   75
48   08966185   76
48   08965656   77
48   08965185   78
48   08965202   79
48   08966137   80
48   08965123   81
48   08965090   82
48   08966129   83
48   08966539   84
48   08966063   85
48   08965120   86
48   08966534   87
48   08966540   88
48   08966134   89
48   08965107   90
48   08965111   91
48   08965127   92
48   08946522   93
48   08965192   94
48   08966168   95
48   08965195   96
48   08965164   97
48   08966187   98
48   08945556   99
48   08965550   100
49   00084363   1
49   00591364   2
49   00076910   3
49   01142742   4
49   00059705   5
49   01145746   6
49   01144283   7
49   00660313   8
49   01506824   9
49   00583329   10
49   00660314   11
49   00591365   12
49   00151010   13
49   01507327   14
49   00786892   15
49   01144282   16
49   00591401   17
49   00150052   18
49   00591361   19
49   00587518   20
49   01145606   21
49   01269855   22
49   00810654   23
49   01505543   24
49   01269849   25
49   00735725   26
49   01507325   27
49   06256479   28
49   01506854   29
49   00149237   30
49   01269852   31
49   06272774   32
49   00812631   33
49   00151219   34
49   00150538   35
49   00065504   36
49   01142725   37
49   00151340   38
49   00656694   39
49   01507324   40
49   06256481   41
49   01264177   42
49   01474489   43
49   00811569   44
49   00656692   45
49   00811509   46
49   01142726   47
49   00583593   48
49   01145610   49
49   00809475   50
49   00151689   51
49   01474487   52
49   01475219   53
49   01264176   54
49   06256522   55
49   00150041   56
49   00151226   57
49   00810074   58
49   00656678   59
49   00151225   60
49   01476042   61
49   01506855   62
49   00810070   63
49   00811490   64
49   00810078   65
49   00102854   66
49   01474488   67
49   01476034   68
49   00810093   69
49   00102921   70
49   00810975   71
49   01505542   72
49   00151223   73
49   00809945   74
49   00811529   75
49   00812652   76
49   00059708   77
49   01478782   78
49   01264178   79
49   01474683   80
49   00151224   81
49   00151221   82
49   00151364   83
49   01475214   84
49   01506853   85
49   01475218   86
49   01474998   87
49   01505545   88
49   01474492   89
49   01478777   90
49   01506848   91
49   01475220   92
49   00086606   93
49   01475932   94
49   00083119   95
49   01475029   96
49   01475121   97
49   01474963   98
49   00151230   99
49   01476033   100
50   01433901   1
50   00104887   2
50   00874985   3
50   00695468   4
50   01492327   5
50   00644152   6
50   00062733   7
50   06253918   8
50   01368920   9
50   01498910   10
50   00140167   11
50   00141122   12
50   00865805   13
50   00009608   14
50   01358114   15
50   00123599   16
50   06253394   17
50   00061629   18
50   00084623   19
50   06253866   20
50   00932970   21
50   00121994   22
50   00010826   23
50   00104891   24
50   00061739   25
50   00139873   26
50   00917377   27
50   01161931   28
50   01020477   29
50   00101348   30
50   06170738   31
50   00695465   32
50   00814112   33
50   00084167   34
50   00121996   35
50   01358106   36
50   00006332   37
50   00006410   38
50   06170749   39
50   01492061   40
50   00707518   41
50   06253889   42
50   00141114   43
50   01161930   44
50   00113979   45
50   00946134   46
50   00779900   47
50   00059770   48
50   00119425   49
50   01383765   50
50   00076041   51
50   00121992   52
50   01362404   53
50   00707515   54
50   01389893   55
50   00059781   56
50   00006335   57
50   00139786   58
50   00010630   59
50   00723671   60
50   00887057   61
50   00006397   62
50   06253849   63
50   01316778   64
50   00101327   65
50   00123598   66
50   00139692   67
50   01358110   68
50   00887058   69
50   00139721   70
50   00119416   71
50   00792503   72
50   00779905   73
50   00006395   74
50   00074823   75
50   01386237   76
50   01078926   77
50   00824482   78
50   00009628   79
50   00104987   80
50   01383687   81
50   00143057   82
50   00113981   83
50   00107794   84
50   00062732   85
50   05928543   86
50   01316804   87
50   00009611   88
50   01383683   89
50   00140027   90
50   00009629   91
50   00121993   92
50   00121998   93
50   01386234   94
50   01385988   95
50   00077918   96
50   00006404   97
50   00139907   98
50   00062729   99
50   00102562   100